      SILVER   K(2)L(8)M(18)4S(2)4P(6)5S(1)4D(10), 2S                                 
   E = -5197.698467674
   T =  5197.698468984     V =-10395.396936658     V/T =    -2.000000000
  ORBITAL ENERGIES AND EXPANSION COEFFICIENTS
        S                    1S             2S             3S             4S             5S 
  BASIS/ORB.ENERGY     -913.8355964   -134.8784068    -25.9178242     -4.0014988     -0.2199797
              CUSP        1.0002457      1.0000318      1.0004188      1.0004755      1.0007044
  1S       81.922545     -0.0249463      0.0397871     -0.0173562      0.0070924     -0.0014801
  3S       60.961344      0.0279319     -0.0405433      0.0182861     -0.0075458      0.0015959
  1S       49.339744      0.9727086     -0.3810597      0.1654469     -0.0685857      0.0143847
  4S       36.344474     -0.0337753      0.0969467     -0.0318908      0.0107924     -0.0019778
  3S       22.846089     -0.0362467      0.4275905     -0.4139058      0.2086400     -0.0461251
  2S       22.824480      0.0960288      0.4841259     -0.2675541      0.1246272     -0.0271509
  4S       13.009377     -0.0042042     -0.0824896      0.4962657     -0.2527818      0.0525889
  4S        9.794366     -0.0009434     -0.0269850      0.2221040     -0.5035254      0.1374074
  2S        8.903696      0.0082152      0.1886970      0.4960442     -0.5095789      0.1320003
  2S        4.446178     -0.0001941     -0.0005026      0.0282383     -0.1083021     -0.0494609
  2S        3.589317      0.0001426      0.0004284     -0.0086790      1.4622619     -0.2588647
  2S        2.519920     -0.0000249     -0.0001368      0.0017522      0.1661500     -0.2187850
  2S        0.826013      0.0000029      0.0000216     -0.0001031     -0.0002104      0.5413805
  2S        0.663294     -0.0000019     -0.0000145      0.0000631      0.0004717      0.5502496
        P                    2P             3P             4P 
  BASIS/ORB.ENERGY     -125.1815809    -21.9454343     -2.6768201
              CUSP        1.0008130      1.0008629      0.9998751
  2P       58.031368     -0.0119946      0.0277335     -0.0192415
  3P       51.182468     -0.0145273      0.0321879     -0.0221456
  3P       33.533569     -0.0910690      0.1548314     -0.1056304
  2P       23.909244      0.9163004     -0.6168692      0.3096237
  3P       19.551930      0.2254388     -0.0961471     -0.0107746
  3P       10.860119      0.0061803      0.7911584     -0.3417783
  3P        8.237653     -0.0019624      0.3369847     -0.6569599
  3P        3.358709     -0.0007372     -0.0138382     -0.3915365
  2P        2.956246      0.0008735      0.0238263      1.7235547
  2P        1.903964      0.0000515      0.0000646      0.0795092
  2P        0.663294     -0.0000051     -0.0000051      0.0004692
        D                    3D             4D 
  BASIS/ORB.ENERGY      -14.6782003     -0.5374007
              CUSP        0.9991182      1.0009214
  3D       53.296212      0.0006646     -0.0002936
  4D       40.214567      0.0037211     -0.0016839
  3D       21.872645     -0.0072310      0.0092799
  3D       17.024065      0.1799224     -0.0743431
  3D       10.708021      0.5205360     -0.1179494
  3D        7.859216      0.3265622     -0.2809146
  3D        5.770205      0.0373867      0.1653040
  3D        3.610289      0.0007434      0.4851980
  3D        2.243262      0.0001743      0.4317110
  3D        1.397570     -0.0000474      0.1737644
  3D        0.663294      0.0000083      0.0013751
 
