      CADMIUM   K(2)L(8)M(18)4S(2)4P(6)5S(2)4D(10), 1S                                
   E = -5465.133137188
   T =  5465.133128301     V =-10930.266265490     V/T =    -2.000000002
  ORBITAL ENERGIES AND EXPANSION COEFFICIENTS
        S                    1S             2S             3S             4S             5S 
  BASIS/ORB.ENERGY     -955.3153555   -142.0068250    -27.7086267     -4.4505362     -0.2648549
              CUSP        1.0002744      1.0001851      1.0005560      1.0006439      1.0009862
  1S       83.516231     -0.0262527      0.0399346     -0.0174771      0.0072349     -0.0017034
  3S       62.584694      0.0278638     -0.0388316      0.0175762     -0.0073673      0.0017715
  1S       50.503156      0.9722572     -0.3803997      0.1659283     -0.0697793      0.0165520
  4S       37.421392     -0.0354335      0.0964796     -0.0321859      0.0108675     -0.0020934
  3S       23.543997     -0.0376474      0.4438033     -0.4146711      0.2127212     -0.0541342
  2S       23.541419      0.1006402      0.4577397     -0.2531795      0.1200659     -0.0300342
  4S       13.502173     -0.0040385     -0.0861852      0.5088309     -0.2482762      0.0562245
  4S       10.284092     -0.0009005     -0.0250434      0.2604848     -0.5139857      0.1660909
  2S        9.381965      0.0081164      0.2000684      0.4224946     -0.4422349      0.1423706
  2S        5.195588     -0.0000454     -0.0022550      0.0412859     -0.2974854     -0.0242428
  2S        3.843181      0.0000091      0.0013520     -0.0070211      1.5038237     -0.2301713
  2S        2.816065      0.0000032     -0.0004150      0.0024176      0.2473646     -0.3672162
  2S        0.968171     -0.0000011      0.0000415     -0.0001127     -0.0001749      0.6462728
  2S        0.727812      0.0000007     -0.0000243      0.0000644      0.0001399      0.4865533
        P                    2P             3P             4P 
  BASIS/ORB.ENERGY     -132.0470183    -23.5972381     -3.0535056
              CUSP        1.0009850      1.0005665      0.9990412
  2P       60.437885     -0.0173275      0.0271937     -0.0177497
  3P       53.012348     -0.0215550      0.0329742     -0.0213434
  3P       34.580438     -0.1185046      0.1545282     -0.0998002
  2P       24.629908      0.9550080     -0.6144704      0.3005211
  3P       19.895718      0.2245251     -0.1078982     -0.0034551
  3P       11.175126      0.0034041      0.8022408     -0.3615306
  3P        8.476139     -0.0000009      0.3321057     -0.6836458
  2P        4.269777     -0.0006380      0.0110873      0.2962730
  2P        3.164214      0.0003332     -0.0000626      1.0626495
  2P        2.145405     -0.0001008      0.0002263      0.1176349
  2P        0.727812      0.0000051     -0.0000021      0.0008824
        D                    3D             4D 
  BASIS/ORB.ENERGY      -16.0719750     -0.7636586
              CUSP        0.9992490      1.0007012
  3D       51.167417      0.0009064     -0.0003999
  4D       39.515824      0.0043120     -0.0019498
  3D       20.925917     -0.0232941      0.0209998
  3D       17.638488      0.1977432     -0.0922260
  3D       10.839796      0.5717083     -0.1242668
  3D        7.941688      0.2456392     -0.4311272
  3D        6.801382      0.0604243      0.2825314
  3D        3.849955      0.0036183      0.5211361
  3D        2.417483     -0.0005902      0.4469071
  3D        1.559278      0.0001645      0.1356698
  3D        0.727812     -0.0000215      0.0003908
 
