      IODINE   K(2)L(8)M(18)4S(2)4P(6)5S(2)4D(10)5P(5), 2P                            
   E = -6917.980888325
   T =  6917.980898267     V =-13835.961786593     V/T =    -1.999999999
  ORBITAL ENERGIES AND EXPANSION COEFFICIENTS
        S                    1S             2S             3S             4S             5S 
  BASIS/ORB.ENERGY    -1177.1862929   -180.9492143    -37.9344629     -7.2443588     -0.8211154
              CUSP        1.0002349      1.0000153      1.0003255      1.0005513      0.9996646
  1S       90.775507      0.0210910     -0.0436467      0.0193995      0.0082873     -0.0028487
  3S       67.802436     -0.0235692      0.0433924     -0.0198191     -0.0086432      0.0028272
  1S       55.080861     -0.9790037      0.3957606     -0.1762111     -0.0784868      0.0267557
  4S       39.986811      0.0303279     -0.1135201      0.0386087      0.0108011     -0.0052902
  3S       23.497728      0.0794190     -0.0341450      0.2259894      0.1177502     -0.0327946
  4S       23.479689      0.0074855      0.1489421     -0.2644256     -0.2074903      0.0701377
  2S       19.940176     -0.1355617     -1.0627837      0.4732098      0.1630886     -0.0531779
  4S       15.302284      0.0014779      0.0002187     -0.7815536     -0.6407296      0.2479146
  4S       11.327208     -0.0005014     -0.0003227     -0.2920549     -0.6592307      0.2646822
  2S        4.191130      0.0004004      0.0007952     -0.0130934      1.9855630     -0.4921759
  3S        2.668132      0.0005376      0.0007992     -0.0072692      0.5181791      1.1406449
  2S        2.302372     -0.0007565     -0.0011659      0.0115033     -0.7992448     -1.5440675
  2S        1.436633     -0.0000101     -0.0000038     -0.0002506      0.0179623      1.2088763
  2S        0.897975      0.0000046      0.0000036      0.0000380     -0.0015257      0.0294759
        P                    2P             3P             4P             5P 
  BASIS/ORB.ENERGY     -169.6603413    -33.1223069     -5.4733562     -0.4031799
              CUSP        1.0008014      1.0009610      1.0002136      0.9996176
  2P       65.960053      0.0140379      0.0235585     -0.0185441      0.0065216
  3P       58.378207      0.0161272      0.0264122     -0.0205994      0.0072266
  3P       38.587026      0.0932236      0.1255009     -0.0973088      0.0341602
  2P       27.259158     -0.9261995     -0.5899244      0.3299415     -0.1049812
  3P       22.203480     -0.2227614     -0.1360554      0.0185145      0.0039554
  3P       12.897653      0.0061060      0.4668668      0.2243914     -0.1161332
  3P       11.549105     -0.0098136      0.5427630     -1.0172720      0.4048012
  3P        5.203779     -0.0071616     -0.2971175      0.9310447     -0.1112487
  2P        4.277522      0.0104386      0.4925415     -0.2390633      0.2763217
  2P        3.458100     -0.0008598     -0.0721425      0.5531025     -0.9278147
  2P        1.408252     -0.0001304      0.0021008      0.0035396      0.6651689
  2P        0.963088      0.0003745     -0.0041354      0.0009474      0.7272596
  2P        0.897975     -0.0002868      0.0029821     -0.0003325     -0.1331586
        D                    3D             4D 
  BASIS/ORB.ENERGY      -24.2856885     -2.4012044
              CUSP        0.9993134      1.0009349
  3D       58.400845      0.0007323     -0.0004544
  4D       45.117174      0.0034936     -0.0022398
  3D       24.132009     -0.0294994      0.0330601
  3D       20.588554      0.1804500     -0.1129370
  3D       12.624386      0.5807380     -0.0728984
  3D       10.217388      0.1086146     -0.5296807
  3D        8.680013      0.2060658      0.2335904
  3D        4.627159      0.0026186      0.7203740
  3D        3.093797     -0.0005043      0.3707250
  3D        1.795536      0.0000452      0.0165929
  3D        0.897975     -0.0000121     -0.0001881
 
