      INDIUM   K(2)L(8)M(18)4S(2)4P(6)5S(2)4D(10)5P(1), 2P                            
   E = -5740.169150772
   T =  5740.169150632     V =-11480.338301403     V/T =    -2.000000000
  ORBITAL ENERGIES AND EXPANSION COEFFICIENTS
        S                    1S             2S             3S             4S             5S 
  BASIS/ORB.ENERGY     -997.8004534   -149.3954383    -29.6246638     -4.9767023     -0.3726634
              CUSP        1.0003023      1.0001652      1.0004499      1.0006039      0.9999698
  1S       78.931670     -0.0142157      0.0546513     -0.0233526      0.0092950     -0.0025125
  3S       59.837425      0.0175006     -0.0480712      0.0211407     -0.0085762      0.0022335
  1S       50.067547      0.9859097     -0.4174548      0.1816464     -0.0764116      0.0206063
  4S       35.479347     -0.0178604      0.1080631     -0.0285980      0.0043357     -0.0019926
  3S       23.025101     -0.0139916      0.1899635     -0.5747991      0.4100931     -0.1127555
  2S       23.015102      0.0471222      0.5140674     -0.7205153      0.5401772     -0.1542355
  2S       17.915983      0.0004136      0.3007600      0.8087809     -0.8291304      0.2421598
  4S       13.827518      0.0002230      0.0030729      0.7432703     -0.5467518      0.1661975
  4S       10.265558     -0.0001413     -0.0004854      0.3022462     -0.6065028      0.1970415
  2S        3.763681      0.0000827     -0.0001266      0.0107650      1.5446567     -0.4929401
  2S        2.140831     -0.0001140     -0.0000454     -0.0045254      0.0499097     -0.6818490
  2S        1.711542      0.0000897      0.0000453      0.0030485     -0.0151329      0.6092617
  2S        0.959206     -0.0000197     -0.0000123     -0.0005282      0.0011629      0.9732952
  2S        0.628144      0.0000058      0.0000039      0.0001411     -0.0002013      0.0233062
        P                    2P             3P             4P             5P 
  BASIS/ORB.ENERGY     -139.1719227    -25.3742820     -3.5072154     -0.1972823
              CUSP        1.0009453      1.0007350      0.9995884      0.9991119
  2P       60.501482      0.0173853     -0.0306241     -0.0202965      0.0044821
  3P       53.257212      0.0210311     -0.0359791     -0.0236607      0.0052172
  3P       34.960599      0.1171843     -0.1678469     -0.1100237      0.0242693
  2P       24.975942     -0.9663332      0.6518362      0.3308470     -0.0691407
  3P       20.116604     -0.2129668      0.1035377      0.0000548      0.0035886
  3P       11.258653      0.0028118     -0.8037595     -0.2157447      0.0363128
  3P        9.424572     -0.0098008     -0.1741340     -0.6283409      0.1606011
  3P        4.754638     -0.0171060      0.3782962      0.4313917     -0.0621297
  2P        3.625842      0.0347689     -0.8592254      0.0293450     -0.1555203
  3P        2.688752      0.0112176     -0.3153626     -0.5834057     -0.0742979
  2P        2.453862     -0.0230396      0.6354652      1.3763632     -0.1743228
  2P        0.824472      0.0000491     -0.0002946      0.0010460      0.5626616
  2P        0.628144     -0.0000274      0.0001312     -0.0001678      0.5436137
        D                    3D             4D 
  BASIS/ORB.ENERGY      -17.5895624     -1.0631372
              CUSP        0.9991311      1.0005904
  3D       55.317221      0.0007438     -0.0003637
  4D       41.994493      0.0040391     -0.0020226
  3D       21.613292     -0.0598389      0.0428431
  3D       19.210472      0.2042584     -0.1058276
  3D       11.680393      0.5030443     -0.1202876
  3D        8.644928      0.3587071     -0.3285544
  3D        6.351845      0.0474870      0.1665113
  3D        3.983040      0.0001790      0.5253817
  3D        2.589850      0.0003136      0.4479958
  3D        1.716691     -0.0000944      0.1029379
  3D        0.628144      0.0000070      0.0003100

