      MOLYBDENUM   K(2)L(8)M(18)4S(2)4P(6)5S(1)4D(5), 7S                              
   E = -3975.549497368
   T =  3975.549499110     V = -7951.098996477     V/T =    -2.000000000
  ORBITAL ENERGIES AND EXPANSION COEFFICIENTS
        S                    1S             2S             3S             4S             5S 
  BASIS/ORB.ENERGY     -721.2021977   -102.8506007    -18.5845367     -2.7629140     -0.2227295
              CUSP        1.0003125      1.0001306      1.0004244      1.0004356      1.0007711
  1S       70.970218     -0.0215607      0.0455870     -0.0197491      0.0076467     -0.0019463
  3S       52.859118      0.0259515     -0.0464268      0.0206067     -0.0080211      0.0020747
  1S       43.594250      0.9787856     -0.3926623      0.1665049     -0.0649656      0.0166004
  4S       30.932320     -0.0285316      0.1078837     -0.0378021      0.0128633     -0.0028652
  3S       19.096160     -0.0308321      0.2926818     -0.3864484      0.1859491     -0.0506314
  2S       19.034201      0.0784890      0.6598986     -0.3646561      0.1546092     -0.0407134
  4S       10.703418     -0.0037055     -0.0427041      0.3122055     -0.1343980      0.0305835
  4S        8.196596     -0.0014479     -0.0252897     -0.0286266     -0.2460812      0.0933510
  2S        6.754842      0.0085161      0.1181144      0.9712118     -0.6113319      0.2025343
  2S        5.299063     -0.0011190     -0.0113283     -0.0014743     -0.2268674      0.0205952
  2S        2.917595      0.0000728      0.0005304      0.0042619      1.3814335     -0.3400054
  2S        2.061635     -0.0000201     -0.0001898     -0.0000973      0.1491612     -0.3285032
  2S        0.766969      0.0000019      0.0000139      0.0000020     -0.0057063      1.0755090
  3S        0.667426     -0.0000008     -0.0000101     -0.0000090     -0.0002989      0.0968801
        P                    2P             3P             4P 
  BASIS/ORB.ENERGY      -94.4440911    -15.2865653     -1.7236325
              CUSP        1.0001760      0.9997048      1.0003013
  2P       67.532635     -0.0063586     -0.0042897     -0.0020197
  3P       55.500761     -0.0129245     -0.0087687     -0.0041490
  2P       33.311169      0.2871732      0.1502529      0.0639549
  3P       26.716574      0.3570015      0.1695017      0.0674084
  3P       19.618106      0.3400397      0.3047416      0.1527488
  2P       13.014445      0.1139194     -0.1282251     -0.1384363
  3P        9.180252     -0.0001065     -0.7567888     -0.2776544
  3P        6.831291      0.0005742     -0.3264058     -0.5533700
  3P        2.310849      0.0001843      0.0069826     -0.8546911
  2P        2.054575     -0.0002866     -0.0114316      2.1284585
  2P        0.667426     -0.0000029     -0.0000264      0.0017645
        D                    3D             4D 
  BASIS/ORB.ENERGY       -9.2842255     -0.3579177
              CUSP        1.0003051      1.0007086
  3D       44.896919      0.0008596     -0.0002537
  4D       34.167168      0.0044399     -0.0013349
  3D       16.927667      0.0047783      0.0051453
  3D       14.083737      0.1969213     -0.0649623
  3D        8.794719      0.6297033     -0.1740255
  4D        7.132066      0.1950172     -0.1314272
  3D        4.695625      0.0548687      0.0936650
  3D        2.791184      0.0004897      0.4339458
  3D        1.721238      0.0001432      0.4488221
  3D        1.089989     -0.0000627      0.2219144
  3D        0.667426      0.0000124      0.0029497
 
