      NIOBIUM   K(2)L(8)M(18)4S(2)4P(6)5S(1)4D(4), 6D                                 
   E = -3753.597725705
   T =  3753.597720324     V = -7507.195446029     V/T =    -2.000000001
  ORBITAL ENERGIES AND EXPANSION COEFFICIENTS
        S                    1S             2S             3S             4S             5S 
  BASIS/ORB.ENERGY     -685.4440236    -96.9748345    -17.2470696     -2.5374797     -0.2155954
              CUSP        1.0003231      1.0001349      1.0004230      1.0004552      1.0006442
  1S       69.224980     -0.0207875      0.0455627     -0.0196595      0.0074814     -0.0019209
  3S       51.473096      0.0257242     -0.0470486      0.0207850     -0.0079572      0.0020618
  1S       42.500584      0.9788028     -0.3925830      0.1654445     -0.0633958      0.0163216
  4S       30.023131     -0.0282611      0.1083254     -0.0379852      0.0126932     -0.0030020
  3S       18.478494     -0.0300606      0.2805837     -0.3826565      0.1809874     -0.0489758
  2S       18.468216      0.0769261      0.6753090     -0.3711814      0.1544191     -0.0406997
  4S       10.314928     -0.0038361     -0.0410331      0.2815037     -0.1235122      0.0299072
  4S        7.800341     -0.0016970     -0.0268361     -0.0644218     -0.2264745      0.0843253
  2S        6.414258      0.0084896      0.1100242      1.0496388     -0.6930958      0.2138689
  2S        4.657761     -0.0008054     -0.0068085     -0.0176980     -0.1515771      0.0093458
  2S        2.765297      0.0001100      0.0006478      0.0056489      1.4016765     -0.3456983
  2S        1.901811     -0.0000300     -0.0002029     -0.0005838      0.1174194     -0.3368801
  2S        0.740290      0.0000039      0.0000222      0.0000622     -0.0058731      1.1020828
  3S        0.656651     -0.0000017     -0.0000126     -0.0000399     -0.0000076      0.0845055
        P                    2P             3P             4P 
  BASIS/ORB.ENERGY      -88.8231283    -14.0814308     -1.5569950
              CUSP        1.0005875      0.9998407      1.0001789
  2P       61.188113     -0.0095873     -0.0064429     -0.0028775
  3P       51.173261     -0.0172981     -0.0116229     -0.0052050
  2P       31.939090      0.3115825      0.1684661      0.0697544
  3P       25.360587      0.3837879      0.1909675      0.0749692
  3P       18.624521      0.3185574      0.3236150      0.1577560
  2P       12.519467      0.0914658     -0.1993589     -0.1638871
  3P        8.779237      0.0011490     -0.7640055     -0.2818878
  3P        6.486416      0.0001244     -0.3019044     -0.5174511
  3P        2.181603      0.0000384      0.0053615     -0.8453690
  2P        1.942735     -0.0000804     -0.0089047      2.1048178
  2P        0.656651      0.0000002     -0.0000132      0.0019857
        D                    3D             4D 
  BASIS/ORB.ENERGY       -8.3292977     -0.3006474
              CUSP        0.9999997      1.0000017
  3D       43.214432      0.0009259     -0.0002370
  4D       33.016274      0.0046595     -0.0012064
  3D       14.004307      0.1845676     -0.0480327
  4D       13.637693      0.0117910     -0.0108282
  3D        8.606973      0.6092961     -0.1478087
  4D        6.975387      0.2100029     -0.1227696
  3D        4.590202      0.0698855      0.0663925
  3D        2.663261      0.0011129      0.4007115
  3D        1.622145      0.0000262      0.4558844
  3D        1.012512      0.0000696      0.2598285
  3D        0.656651     -0.0000116      0.0058349
