      RUBIDIUM   K(2)L(8)M(18)4S(2)4P(6)5S(1), 2S                                     
   E = -2938.357452181
   T =  2938.357452286     V = -5876.714904467     V/T =    -2.000000000
  ORBITAL ENERGIES AND EXPANSION COEFFICIENTS
        S                    1S             2S             3S             4S             5S 
  BASIS/ORB.ENERGY     -551.4573370    -75.0493463    -12.1331981     -1.5235485     -0.1378663
              CUSP        1.0003960      1.0002198      1.0003872      1.0004269      0.9996370
  1S       61.238288     -0.0142902      0.0475276     -0.0202379      0.0068127     -0.0014356
  3S       45.419154      0.0216673     -0.0502724      0.0217619     -0.0073618      0.0015052
  1S       37.904166      0.9805321     -0.3976681      0.1630787     -0.0550419      0.0115905
  4S       26.159754     -0.0240895      0.1068233     -0.0391489      0.0118970     -0.0028838
  2S       15.837093      0.0647545      0.8075864     -0.4356763      0.1579985     -0.0332553
  3S       15.837028     -0.0266718      0.1603309     -0.3381059      0.1422714     -0.0294429
  4S        8.856530     -0.0043941     -0.0370828      0.1086089     -0.0495287      0.0140940
  4S        6.318787     -0.0024274     -0.0257528     -0.1943080     -0.1250338      0.0345714
  2S        5.309624      0.0089300      0.0887017      1.3331631     -0.7458905      0.1632246
  2S        2.093831     -0.0001051      0.0000388     -0.0023556      1.1888711     -0.2985853
  2S        1.544223      0.0001022     -0.0002100      0.0039761      0.1410895      0.0036943
  2S        1.011039     -0.0000457      0.0001280     -0.0016422     -0.0015651     -0.3644020
  2S        0.525141      0.0000215     -0.0000690      0.0007290      0.0001535      1.2376598
  3S        0.525102     -0.0000103      0.0000339     -0.0003476      0.0003460      0.0344657
        P                    2P             3P             4P 
  BASIS/ORB.ENERGY      -67.9062306     -9.4876941     -0.8100702
              CUSP        1.0009232      0.9991827      0.9995428
  2P       58.153213     -0.0048819     -0.0033211     -0.0011752
  3P       47.226370     -0.0111043     -0.0074303     -0.0026368
  2P       27.305393      0.3350514      0.1692676      0.0549054
  3P       21.943275      0.4123617      0.1983483      0.0618273
  3P       15.955742      0.3165616      0.3170480      0.1180470
  2P        9.305393      0.0365816     -0.3207522     -0.1598011
  3P        7.290585     -0.0009949     -0.7038279     -0.2124898
  3P        5.311460      0.0006207     -0.2609028     -0.3598097
  3P        1.664002      0.0000967      0.0049228     -0.5908893
  2P        1.475167     -0.0001351     -0.0076509      1.7572623
  2P        0.525102     -0.0000017     -0.0000070      0.0024732
        D                    3D 
  BASIS/ORB.ENERGY       -4.7322916
              CUSP        0.9992555
  3D       35.762583      0.0014099
  4D       27.863840      0.0061088
  3D       11.927910      0.1911086
  3D        7.697962      0.4082720
  3D        5.232765      0.4103741
  3D        3.513352      0.0783208
  3D        1.532313      0.0005687
  3D        0.525102     -0.0000269
 
