      RHODIUM   K(2)L(8)M(18)4S(2)4P(6)5S(1)4D(8), 4F                                 
   E = -4685.881699827
   T =  4685.881694241     V = -9371.763394069     V/T =    -2.000000001
  ORBITAL ENERGIES AND EXPANSION COEFFICIENTS
        S                    1S             2S             3S             4S             5S 
  BASIS/ORB.ENERGY     -834.0394739   -121.5636488    -22.8796140     -3.5038918     -0.2216190
              CUSP        1.0002780      1.0000799      1.0004171      1.0004844      1.0009046
  1S       77.024171     -0.0234303      0.0431745     -0.0188112      0.0075587     -0.0017153
  3S       57.422340      0.0267584     -0.0434916      0.0195000     -0.0079073      0.0018354
  1S       46.951633      0.9766496     -0.3882523      0.1671637     -0.0679417      0.0155290
  4S       33.967751     -0.0304873      0.1027462     -0.0348174      0.0117894     -0.0021563
  3S       21.231867     -0.0319308      0.3696220     -0.4058314      0.2013116     -0.0499831
  2S       21.219242      0.0847538      0.5639108     -0.3120984      0.1372687     -0.0331423
  4S       12.051536     -0.0034107     -0.0594986      0.4104920     -0.1665171      0.0342975
  4S        9.357721     -0.0008051     -0.0194587      0.0915771     -0.3036682      0.1120336
  2S        8.131190      0.0078500      0.1621138      0.4608221     -0.0619054      0.0985604
  2S        6.958132     -0.0010981     -0.0230732      0.2776354     -0.7187318      0.0833338
  2S        3.298265      0.0000027      0.0002728      0.0051626      1.4100085     -0.3540430
  2S        2.284775      0.0000026     -0.0001313     -0.0002238      0.1346605     -0.2201497
  2S        0.825117     -0.0000015      0.0000284      0.0000835     -0.0014940      0.5636576
  2S        0.665761      0.0000010     -0.0000215     -0.0000516      0.0002571      0.5515493
        P                    2P             3P             4P 
  BASIS/ORB.ENERGY     -112.3861810    -19.1795957     -2.2911493
              CUSP        1.0008512      0.9994689      0.9991363
  2P       70.788924     -0.0045047     -0.0037801     -0.0025272
  3P       58.080359     -0.0094416     -0.0078492     -0.0052435
  2P       34.589353      0.2444900      0.1342656      0.0764002
  3P       28.182221      0.2515044      0.1026535      0.0481172
  3P       22.750752      0.1487164      0.1998676      0.1495745
  2P       16.701338      0.4188709      0.0917079     -0.0959767
  3P       10.300968      0.0037532     -0.7534710     -0.2973272
  3P        7.763781     -0.0005301     -0.3688023     -0.6254309
  3P        2.693156      0.0000232      0.0102028     -0.8709591
  2P        2.388176     -0.0000853     -0.0167588      2.1847584
  2P        0.665761      0.0000003     -0.0000343      0.0015338
        D                    3D             4D 
  BASIS/ORB.ENERGY      -12.4212919     -0.4501939
              CUSP        0.9997218      1.0000414
  3D       48.021841      0.0009286     -0.0003408
  4D       36.790557      0.0046539     -0.0017507
  3D       19.119353      0.0855810     -0.0256817
  4D       17.773712      0.0822445     -0.0321380
  3D       10.020134      0.6544581     -0.2153404
  4D        8.170279      0.2038421     -0.1730314
  3D        5.403773      0.0524595      0.1507610
  3D        3.223903      0.0010945      0.4976056
  3D        1.964992      0.0004051      0.4298886
  3D        1.227727      0.0001290      0.1650297
  3D        0.665761      0.0000004      0.0007133
 
