      RUTHENIUM   K(2)L(8)M(18)4S(2)4P(6)5S(1)4D(7), 5F                               
   E = -4441.539484252
   T =  4441.539473165     V = -8883.078957417     V/T =    -2.000000002
  ORBITAL ENERGIES AND EXPANSION COEFFICIENTS
        S                    1S             2S             3S             4S             5S 
  BASIS/ORB.ENERGY     -795.5134720   -115.1587925    -21.4138861     -3.2571280     -0.2224272
              CUSP        1.0002653      0.9999861      1.0003357      1.0005126      1.0009571
  1S       75.587991      0.0232844      0.0427250     -0.0185471      0.0073663     -0.0017416
  3S       56.101603     -0.0274222     -0.0443646      0.0198170     -0.0079812      0.0019308
  1S       45.917485     -0.9760985     -0.3870782      0.1657759     -0.0665739      0.0158502
  4S       33.095826      0.0306301      0.1033482     -0.0349013      0.0113269     -0.0021273
  2S       20.646878     -0.0848102      0.5740429     -0.3173127      0.1366179     -0.0342669
  3S       20.626049      0.0322299      0.3630361     -0.4040189      0.1986110     -0.0513852
  4S       11.711121      0.0037650     -0.0543563      0.3882453     -0.1406479      0.0288306
  4S        9.098967      0.0006079     -0.0189611      0.0943775     -0.2616184      0.1029374
  2S        7.950497     -0.0089046      0.1460586      0.4532919      0.0937876      0.0526167
  2S        6.803507      0.0017707     -0.0155637      0.3080575     -0.9162615      0.1498782
  2S        3.167893     -0.0000240      0.0000402      0.0054792      1.3957461     -0.3527653
  2S        2.231223      0.0000059     -0.0000458     -0.0004548      0.1378832     -0.2507132
  2S        0.817674     -0.0000006      0.0000053      0.0001380     -0.0006417      0.5876874
  2S        0.666974      0.0000004     -0.0000074     -0.0000907     -0.0011817      0.5402123
        P                    2P             3P             4P 
  BASIS/ORB.ENERGY     -106.2393929    -17.8487532     -2.1012483
              CUSP        1.0008391      0.9996397      0.9998091
  2P       68.619796     -0.0050486     -0.0041061     -0.0024685
  3P       56.514248     -0.0102848     -0.0083052     -0.0049999
  2P       33.820701      0.2701542      0.1518429      0.0792914
  3P       27.555949      0.2931985      0.1382257      0.0646754
  3P       21.389947      0.2132710      0.2520952      0.1652811
  2P       15.693563      0.2983828     -0.0182836     -0.1378165
  3P        9.931706      0.0029538     -0.7586737     -0.2946319
  3P        7.447787     -0.0002784     -0.3539394     -0.6032269
  3P        2.569516      0.0000480      0.0088514     -0.8681875
  2P        2.280173     -0.0001129     -0.0145826      2.1712717
  2P        0.666974     -0.0000001     -0.0000295      0.0015824
        D                    3D             4D 
  BASIS/ORB.ENERGY      -11.3433439     -0.4127787
              CUSP        0.9997955      1.0004335
  3D       48.181841      0.0007669     -0.0002571
  4D       36.523583      0.0041056     -0.0014038
  3D       17.717806      0.1072652     -0.0318848
  4D       16.634643      0.0733546     -0.0289637
  3D        9.655157      0.6346140     -0.1961167
  4D        7.941762      0.1971960     -0.1545370
  3D        5.347505      0.0680989      0.1002518
  3D        3.199141      0.0010400      0.4581675
  3D        1.968988      0.0004065      0.4503422
  3D        1.217727      0.0000600      0.2095372
  3D        0.666974      0.0000119      0.0029183

