      ANTIMONY   K(2)L(8)M(18)4S(2)4P(6)5S(2)4D(10)5P(3), 4S                          
   E = -6313.485313640
   T =  6313.485313897     V =-12626.970627537     V/T =    -2.000000000
  ORBITAL ENERGIES AND EXPANSION COEFFICIENTS
        S                    1S             2S             3S             4S             5S 
  BASIS/ORB.ENERGY    -1085.5890406   -164.7579521    -33.6362155     -6.0631831     -0.5817732
              CUSP        1.0002951      1.0001819      1.0004523      1.0005086      0.9995447
  1S       81.669053     -0.0134638     -0.0566828      0.0243091      0.0098924     -0.0031373
  3S       62.093595      0.0165381      0.0487504     -0.0214849     -0.0088482      0.0026430
  1S       52.030871      0.9868225      0.4224765     -0.1852130     -0.0799153      0.0249416
  4S       36.759376     -0.0172073     -0.1137046      0.0304473      0.0054239     -0.0037421
  3S       23.815342     -0.0124990     -0.1251989      0.6819661      0.5277022     -0.1585936
  2S       23.814678      0.0454536     -0.4273076      1.0660930      0.8994842     -0.2834488
  2S       19.636087     -0.0010285     -0.4438770     -1.2403659     -1.2924573      0.4094224
  4S       14.494462      0.0003053     -0.0042354     -0.7713220     -0.6111574      0.2166477
  4S       10.724371     -0.0002028      0.0009317     -0.2837013     -0.6259397      0.2298345
  2S        4.044819      0.0001734     -0.0001021     -0.0100942      1.6523122     -0.5054422
  3S        2.384963      0.0001234     -0.0001953     -0.0014736      0.0205380      0.4902574
  2S        2.360123     -0.0001884      0.0002811      0.0031291     -0.0288217     -0.7170314
  2S        1.204949     -0.0000311      0.0000509      0.0001909     -0.0021243      1.0659010
  2S        0.818182      0.0000093     -0.0000157     -0.0000390      0.0006083      0.0307137
        P                    2P             3P             4P             5P 
  BASIS/ORB.ENERGY     -154.0037842    -29.1061440     -4.4447167     -0.3347111
              CUSP        1.0009109      1.0009247      1.0001425      0.9995527
  2P       62.951697      0.0155816      0.0262122     -0.0188221      0.0055849
  3P       55.728392      0.0179260      0.0293208     -0.0208711      0.0061790
  3P       36.852535      0.1020306      0.1389143     -0.0984827      0.0291815
  2P       26.182019     -0.9373856     -0.6041394      0.3167541     -0.0869754
  3P       21.277839     -0.2221459     -0.1217624      0.0062173      0.0044981
  3P       12.070084     -0.0005588      0.7411645     -0.2038949      0.0427736
  3P       10.015351     -0.0035681      0.3190643     -0.7393844      0.2494446
  3P        4.633217     -0.0058771     -0.1995954      0.3806189      0.0026424
  2P        3.778525      0.0079479      0.3036116      0.8480010     -0.2827206
  2P        2.345676     -0.0003433     -0.0416820      0.1816011     -0.5316514
  3P        2.323959     -0.0000411      0.0143907     -0.0429905      0.1536505
  2P        1.067563      0.0000746     -0.0010719      0.0036478      0.8387763
  2P        0.818182     -0.0000352      0.0003834     -0.0012729      0.3459677
        D                    3D             4D 
  BASIS/ORB.ENERGY      -20.7980725     -1.6878644
              CUSP        1.0001673      1.0004110
  3D       56.325199      0.0007560     -0.0004604
  4D       43.270728      0.0037287     -0.0023689
  3D       23.861190     -0.0169674      0.0210008
  3D       19.352127      0.1735366     -0.0976386
  3D       12.040675      0.5423797     -0.0842374
  3D        9.494720      0.1962367     -0.4615684
  3D        7.952780      0.1532098      0.2037659
  3D        4.413147      0.0032512      0.5904422
  3D        2.960090     -0.0005976      0.4506657
  3D        1.974195      0.0000981      0.0669669
  3D        0.818182     -0.0000118      0.0004180
 
