      TIN   K(2)L(8)M(18)4S(2)4P(6)5S(2)4D(10)5P(2), 3P                               
   E = -6022.931689355
   T =  6022.931688354     V =-12045.863377709     V/T =    -2.000000000
  ORBITAL ENERGIES AND EXPANSION COEFFICIENTS
        S                    1S             2S             3S             4S             5S 
  BASIS/ORB.ENERGY    -1041.2233446   -156.9775752    -31.5989772     -5.5124997     -0.4764356
              CUSP        1.0002978      1.0001812      1.0004625      1.0005480      0.9997541
  1S       80.455846     -0.0144977      0.0553118     -0.0237180      0.0095810     -0.0028319
  3S       61.077522      0.0174734     -0.0481743      0.0212480     -0.0087058      0.0024527
  1S       51.100199      0.9862892     -0.4189688      0.1830855     -0.0780882      0.0228900
  4S       36.186771     -0.0179256      0.1106680     -0.0298278      0.0053864     -0.0029306
  3S       23.454426     -0.0137471      0.1716616     -0.6055901      0.4433990     -0.1291051
  2S       23.445269      0.0471833      0.4931897     -0.8110250      0.6352886     -0.1933617
  2S       18.620156      0.0000230      0.3362926      0.9229662     -0.9542441      0.2946869
  4S       14.151788      0.0002655      0.0034871      0.7575007     -0.5789994      0.1922979
  4S       10.492947     -0.0001719     -0.0006488      0.2915521     -0.6151320      0.2150205
  2S        3.907598      0.0001192     -0.0000670      0.0106519      1.5908849     -0.5092645
  2S        2.390486     -0.0001507     -0.0001212     -0.0038822      0.0157757     -0.7607948
  2S        1.849969      0.0001101      0.0001008      0.0022045      0.0041426      0.6259933
  2S        1.078565     -0.0000283     -0.0000276     -0.0004316     -0.0008121      0.9907551
  2S        0.728067      0.0000083      0.0000085      0.0001092      0.0002816      0.0244081
        P                    2P             3P             4P             5P 
  BASIS/ORB.ENERGY     -146.4892623    -27.2090410     -3.9690540     -0.2650408
              CUSP        1.0009718      1.0009903      1.0002072      0.9992212
  2P       61.677788      0.0161149      0.0277049     -0.0192541      0.0051882
  3P       54.522439      0.0188180      0.0314146     -0.0216506      0.0058165
  3P       35.964661      0.1066856      0.1484704     -0.1019300      0.0274402
  2P       25.612520     -0.9448192     -0.6168577      0.3168417     -0.0789461
  3P       20.778057     -0.2201772     -0.1127965     -0.0001023      0.0056554
  3P       11.733191     -0.0014636      0.7761142     -0.2749161      0.0595664
  3P        9.474605     -0.0026237      0.2995494     -0.7029132      0.2133200
  3P        4.444605     -0.0051379     -0.1569917      0.1829855      0.0530090
  2P        3.619249      0.0069814      0.2401865      1.0783529     -0.3399077
  2P        2.253177     -0.0003514     -0.0343728      0.1739445     -0.3851452
  3P        2.247672     -0.0000026      0.0118788     -0.0369183      0.0776064
  2P        0.955341      0.0000494     -0.0006735      0.0027850      0.7346774
  2P        0.728067     -0.0000249      0.0002595     -0.0007700      0.4209948
        D                    3D             4D 
  BASIS/ORB.ENERGY      -19.1633545     -1.3690439
              CUSP        0.9999257      1.0007180
  3D       55.746534      0.0007571     -0.0003966
  4D       42.546716      0.0039293     -0.0021240
  3D       22.054380     -0.0494597      0.0412734
  3D       19.421508      0.1996605     -0.1112105
  3D       11.855840      0.5218006     -0.1074823
  3D        9.048137      0.2844154     -0.3901734
  3D        7.315308      0.0938120      0.1673586
  3D        4.324680      0.0024575      0.5215272
  3D        2.880503     -0.0001862      0.4827935
  3D        1.913171      0.0000049      0.1040839
  3D        0.728067     -0.0000019      0.0004031

