      STRONTIUM   K(2)L(8)M(18)4S(2)4P(6)5S(2), 1S                                    
   E = -3131.545684546
   T =  3131.545683521     V = -6263.091368067     V/T =    -2.000000000
  ORBITAL ENERGIES AND EXPANSION COEFFICIENTS
        S                    1S             2S             3S             4S             5S 
  BASIS/ORB.ENERGY     -583.6878839    -80.3907956    -13.4750284     -1.8968116     -0.1784561
              CUSP        1.0003648      1.0001540      1.0004466      1.0005762      1.0009344
  1S       63.847506     -0.0177545      0.0454456     -0.0193042      0.0068169     -0.0017508
  3S       47.274210      0.0243267     -0.0485781      0.0211161     -0.0075286      0.0019640
  1S       39.188703      0.9789460     -0.3924185      0.1618734     -0.0574662      0.0148069
  4S       27.364721     -0.0267645      0.1069584     -0.0368655      0.0111915     -0.0025055
  2S       16.734172      0.0722193      0.7269210     -0.3930822      0.1494970     -0.0395888
  3S       16.730882     -0.0286976      0.2349714     -0.3618884      0.1587752     -0.0435787
  4S        9.349486     -0.0039470     -0.0369796      0.2088815     -0.0741743      0.0155664
  4S        6.986214     -0.0016704     -0.0236862     -0.0521231     -0.1367121      0.0624252
  2S        5.834851      0.0084713      0.0963446      1.0964473     -0.5162326      0.1793129
  2S        4.333246     -0.0006574     -0.0034411      0.0018149     -0.3280181      0.0246532
  2S        2.286303      0.0000630      0.0000634      0.0038400      1.3829402     -0.2713697
  2S        1.569080     -0.0000224     -0.0000410     -0.0005635      0.0537518     -0.4127011
  2S        0.645727      0.0000044      0.0000070      0.0001016     -0.0011331      1.1372676
  3S        0.597422     -0.0000021     -0.0000033     -0.0000466      0.0004443      0.0845943
        P                    2P             3P             4P 
  BASIS/ORB.ENERGY      -72.9960372    -10.6999756     -1.0981635
              CUSP        1.0009676      0.9998912      0.9991494
  2P       59.272426     -0.0052361     -0.0036550     -0.0013384
  3P       48.379341     -0.0114863     -0.0079301     -0.0028904
  2P       28.210855      0.3326967      0.1721273      0.0598089
  3P       22.663072      0.4104599      0.2006975      0.0680591
  3P       16.507289      0.3159546      0.3265554      0.1293009
  2P        9.969782      0.0409869     -0.3092982     -0.1659193
  3P        7.589743     -0.0002693     -0.7401578     -0.2553096
  3P        5.520342      0.0004197     -0.2459051     -0.3975636
  3P        1.729602      0.0000605      0.0038000     -0.8360604
  2P        1.558351     -0.0000878     -0.0059260      2.0197647
  2P        0.597422     -0.0000010     -0.0000245      0.0023142
        D                    3D 
  BASIS/ORB.ENERGY       -5.6943953
              CUSP        0.9996495
  3D       36.575295      0.0014453
  4D       28.607388      0.0060802
  3D       12.288934      0.1996775
  3D        7.865863      0.4315563
  3D        5.425616      0.3845347
  3D        3.736432      0.0670549
  3D        1.567766      0.0003473
  3D        0.597422     -0.0000335
