      TECHNETIUM   K(2)L(8)M(18)4S(2)4P(6)5S(2)4D(5), 6S                              
   E = -4204.788734656
   T =  4204.788744213     V = -8409.577478869     V/T =    -1.999999998
  ORBITAL ENERGIES AND EXPANSION COEFFICIENTS
        S                    1S             2S             3S             4S             5S 
  BASIS/ORB.ENERGY     -758.0430471   -109.0697862    -20.1318348     -3.1521904     -0.2312740
              CUSP        1.0002651      0.9999222      1.0003056      1.0004812      1.0008693
  1S       74.164305     -0.0219095      0.0415437     -0.0179065      0.0070424     -0.0017797
  3S       54.792743      0.0269516     -0.0445812      0.0198090     -0.0079018      0.0020377
  1S       44.805211      0.9754829     -0.3853652      0.1639985     -0.0652693      0.0166127
  4S       32.289572     -0.0300293      0.1009901     -0.0329439      0.0103547     -0.0020786
  3S       20.180572     -0.0320959      0.3592739     -0.3972245      0.1936762     -0.0534145
  2S       20.132338      0.0839449      0.5749670     -0.3158886      0.1347856     -0.0360144
  4S       11.529383     -0.0035569     -0.0582885      0.3800262     -0.1391842      0.0301671
  4S        8.882526     -0.0007969     -0.0219463      0.1675627     -0.2709719      0.1101126
  2S        7.851249      0.0074374      0.1449735      0.5712894     -0.1630909      0.0945927
  2S        5.980539     -0.0004738     -0.0036422      0.1294286     -0.6793490      0.1191161
  2S        3.063907      0.0000254      0.0000299      0.0043304      1.4442081     -0.3332448
  2S        2.193010     -0.0000069     -0.0000443     -0.0002813      0.1216703     -0.3433390
  2S        0.862897      0.0000008      0.0000065      0.0000825     -0.0008762      0.6036055
  2S        0.680109     -0.0000004     -0.0000038     -0.0000480      0.0004937      0.5643350
        P                    2P             3P             4P 
  BASIS/ORB.ENERGY     -100.4060911    -16.6995775     -2.0412188
              CUSP        1.0006904      1.0003689      1.0009293
  2P       66.630255     -0.0074757     -0.0052891     -0.0027077
  3P       55.413772     -0.0140336     -0.0099752     -0.0051234
  2P       34.081682      0.2820514      0.1530758      0.0709520
  3P       27.355959      0.3351059      0.1606575      0.0689970
  3P       20.428471      0.2995358      0.2919110      0.1620222
  2P       14.321864      0.1766295     -0.0898887     -0.1394585
  3P        9.543653      0.0015497     -0.7672772     -0.2985973
  3P        7.107659      0.0001183     -0.3328028     -0.5791179
  3P        2.425902      0.0001046      0.0066631     -0.8629667
  2P        2.175861     -0.0001818     -0.0111822      2.1558945
  2P        0.680109     -0.0000009     -0.0000173      0.0016813
        D                    3D             4D 
  BASIS/ORB.ENERGY      -10.4446387     -0.5439526
              CUSP        0.9991622      1.0001617
  3D       47.460462      0.0007022     -0.0002580
  4D       35.858566      0.0038386     -0.0014443
  3D       19.502703      0.0033116      0.0030540
  3D       14.581944      0.1955376     -0.0681994
  3D        9.140374      0.6302851     -0.1990100
  4D        7.498466      0.1826545     -0.1444734
  3D        5.110192      0.0660937      0.0882628
  3D        3.054737      0.0009246      0.4470187
  3D        1.987935      0.0001187      0.4725979
  3D        1.308653     -0.0000382      0.1798436
  3D        0.680109      0.0000065      0.0010160
 
