      TELLURIUM   K(2)L(8)M(18)4S(2)4P(6)5S(2)4D(10)5P(4), 3P                         
   E = -6611.784051172
   T =  6611.784057214     V =-13223.568108386     V/T =    -1.999999999
  ORBITAL ENERGIES AND EXPANSION COEFFICIENTS
        S                    1S             2S             3S             4S             5S 
  BASIS/ORB.ENERGY    -1130.9169998   -172.7553989    -35.7548870     -6.6470174     -0.7005600
              CUSP        1.0002829      1.0000745      1.0003829      1.0006572      0.9997307
  1S       85.845242      0.0151999     -0.0498725      0.0216044      0.0088323     -0.0029369
  3S       64.575316     -0.0182834      0.0468219     -0.0208689     -0.0087541      0.0027536
  1S       53.318205     -0.9843584      0.4110387     -0.1813028     -0.0791650      0.0259641
  4S       38.055728      0.0214103     -0.1153153      0.0332073      0.0051485     -0.0036209
  4S       23.183837      0.0028794      0.0617102     -0.2361289     -0.2021387      0.0654362
  3S       23.181322      0.0440502      0.0052970      0.2336746      0.1344749     -0.0356080
  2S       20.472540     -0.0826967     -1.0339644      0.4473546      0.1497841     -0.0473504
  4S       14.954391      0.0000206     -0.0041994     -0.7750755     -0.6218167      0.2314581
  4S       11.061281      0.0001031      0.0010196     -0.2957747     -0.6458092      0.2493878
  2S        4.106440     -0.0001653     -0.0002770     -0.0117599      1.7987180     -0.5171862
  3S        2.453937     -0.0002593     -0.0006896     -0.0060266      0.2953830      1.0492647
  2S        2.078816      0.0003416      0.0008877      0.0091395     -0.4314743     -1.4033196
  2S        1.341043      0.0000063      0.0000223     -0.0003707      0.0156985      1.2109880
  2S        0.848330     -0.0000035     -0.0000109      0.0000523     -0.0013446      0.0337903
        P                    2P             3P             4P             5P 
  BASIS/ORB.ENERGY     -161.7343697    -31.0840450     -4.9525675     -0.3598317
              CUSP        1.0008571      1.0007937      1.0000011      0.9999375
  2P       64.520612      0.0144891      0.0230789     -0.0170852      0.0053763
  3P       57.342579      0.0160548      0.0249203     -0.0182751      0.0057448
  3P       38.066026      0.0931224      0.1205088     -0.0880124      0.0276365
  2P       26.860842     -0.9171997     -0.5733180      0.3037345     -0.0884720
  3P       21.909185     -0.2316537     -0.1379155      0.0182506      0.0010960
  3P       12.422323     -0.0008947      0.7025233     -0.1358468      0.0235501
  3P       10.518869     -0.0035780      0.3468900     -0.7774381      0.2815596
  3P        4.865646     -0.0056813     -0.2234750      0.5680195     -0.0382135
  2P        3.990216      0.0078514      0.3492052      0.5397718     -0.1099874
  2P        2.979535     -0.0003409     -0.0398439      0.2374484     -0.6280083
  2P        1.573641     -0.0001520      0.0035158     -0.0016545      0.2602240
  2P        1.082552      0.0001445     -0.0019367      0.0031985      0.7459288
  2P        0.848330     -0.0000597      0.0006263     -0.0007358      0.2649131
        D                    3D             4D 
  BASIS/ORB.ENERGY      -22.5123472     -2.0382872
              CUSP        0.9995050      1.0003476
  3D       57.659379      0.0007132     -0.0004389
  4D       44.352216      0.0034987     -0.0022355
  3D       24.129056     -0.0180595      0.0228285
  3D       19.832277      0.1743763     -0.1021000
  3D       12.290430      0.5675455     -0.0839308
  3D        9.774302      0.1497072     -0.5117118
  3D        8.292981      0.1740867      0.2449969
  3D        4.494608      0.0027133      0.6583887
  3D        3.020391     -0.0004911      0.4093601
  3D        1.937052      0.0000534      0.0350382
  3D        0.848330     -0.0000092      0.0001836
 
