      XENON   K(2)L(8)M(18)4S(2)4P(6)5S(2)4D(10)5P(6), 1S                             
   E = -7232.138355835
   T =  7232.138367196     V =-14464.276723031     V/T =    -1.999999998
  ORBITAL ENERGIES AND EXPANSION COEFFICIENTS
        S                    1S             2S             3S             4S             5S 
  BASIS/ORB.ENERGY    -1224.3977738   -189.3401152    -40.1756603     -7.8563003     -0.9444127
              CUSP        1.0002286      1.0000408      1.0003451      1.0005828      0.9999155
  1S       91.946915      0.0218562     -0.0447262      0.0197549      0.0084225     -0.0029840
  3S       68.927732     -0.0236198      0.0431666     -0.0196116     -0.0085599      0.0029145
  1S       56.137679     -0.9799102      0.3974697     -0.1772367     -0.0796025      0.0280330
  4S       40.832514      0.0295929     -0.1107640      0.0360085      0.0087589     -0.0043887
  3S       24.369639      0.0726198     -0.0713156      0.2475037      0.1357616     -0.0415904
  4S       24.363016      0.0092328      0.1367843     -0.2446984     -0.2007813      0.0715999
  2S       20.633849     -0.1298499     -1.0203499      0.4503823      0.1534278     -0.0513284
  4S       15.760476      0.0012985     -0.0003519     -0.7781326     -0.6404184      0.2555913
  4S       11.686818     -0.0004369     -0.0002241     -0.3061714     -0.6740854      0.2829829
  2S        4.107994      0.0002222      0.0005977     -0.0127129      2.0103783     -0.9792225
  4S        3.311303      0.0002835      0.0005394     -0.0069935      0.6542573      0.4336087
  3S        2.975274     -0.0003757     -0.0007547      0.0106976     -0.9936253     -0.4596436
  2S        1.535005     -0.0000155     -0.0000196     -0.0000776      0.0135100      1.2135395
  2S        0.956336      0.0000042      0.0000048      0.0000216     -0.0012218      0.0296198
        P                    2P             3P             4P             5P 
  BASIS/ORB.ENERGY     -177.7824424    -35.2216594     -6.0083372     -0.4572897
              CUSP        1.0009047      1.0009980      1.0001646      0.9996993
  2P       66.836641      0.0155163      0.0240227     -0.0197939      0.0072922
  3P       59.325786      0.0173178      0.0261933     -0.0213671      0.0078545
  3P       39.440533      0.0971647      0.1238201     -0.1005815      0.0369923
  2P       27.876421     -0.9311701     -0.5896106      0.3430395     -0.1142460
  3P       22.662415     -0.2248277     -0.1438403      0.0231298      0.0035536
  3P       13.533766      0.0118617      0.1837060      0.4811889     -0.2210272
  3P       12.290050     -0.0150066      0.8031539     -1.2011318      0.4958651
  3P        5.472844     -0.0081732     -0.3429838      1.1717591     -0.1864295
  2P        4.492251      0.0121570      0.5925902     -0.7564621      0.5966567
  2P        3.729958     -0.0012015     -0.1038175      0.7677233     -1.2028480
  2P        1.571562     -0.0001702      0.0022938      0.0029732      0.5911428
  2P        1.115472      0.0002467     -0.0022069      0.0001652      0.5878277
  2P        0.956336     -0.0001343      0.0010511     -0.0002639      0.1111431
        D                    3D             4D 
  BASIS/ORB.ENERGY      -26.1188668     -2.7778799
              CUSP        0.9997529      1.0005315
  3D       59.845045      0.0008744     -0.0006386
  4D       46.464727      0.0040913     -0.0030974
  3D       25.986788     -0.0470460      0.0445101
  3D       22.364559      0.1677120     -0.1106186
  3D       13.517132      0.5130135     -0.0924762
  3D       10.630383      0.2378125     -0.4855794
  3D        8.943390      0.1716405      0.1699923
  3D        4.862982      0.0045670      0.7240230
  3D        3.343632     -0.0014159      0.3718553
  3D        2.100705      0.0002479      0.0251152
  3D        0.956336     -0.0000382      0.0001040
 
