      YTTRIUM   K(2)L(8)M(18)4S(2)4P(6)5S(2)4D(1), 2D                                 
   E = -3331.684167956
   T =  3331.684164641     V = -6663.368332598     V/T =    -2.000000001
  ORBITAL ENERGIES AND EXPANSION COEFFICIENTS
        S                    1S             2S             3S             4S             5S 
  BASIS/ORB.ENERGY     -616.7493508    -85.8109444    -14.7589165     -2.1688776     -0.1961428
              CUSP        1.0003497      1.0001451      1.0004379      1.0005490      1.0008333
  1S       65.677600     -0.0188791      0.0453698     -0.0193666      0.0070679     -0.0018682
  3S       48.695568      0.0248794     -0.0479545      0.0209557     -0.0077182      0.0020667
  1S       40.299003      0.9788154     -0.3922181      0.1630000     -0.0598562      0.0158731
  4S       28.271256     -0.0273292      0.1072635     -0.0370227      0.0116053     -0.0027249
  3S       17.344941     -0.0299991      0.2467641     -0.3653089      0.1661307     -0.0467830
  2S       17.267598      0.0747949      0.7115893     -0.3870696      0.1528031     -0.0416298
  4S        9.716539     -0.0037693     -0.0382805      0.2406295     -0.0893118      0.0201208
  4S        7.333781     -0.0016007     -0.0242245     -0.0298301     -0.1670977      0.0726767
  2S        6.106382      0.0081482      0.1010985      1.0419102     -0.5332397      0.1845392
  2S        4.377257     -0.0005983     -0.0041977      0.0032733     -0.3651423      0.0391904
  2S        2.487865      0.0000820      0.0003139      0.0041410      1.4197921     -0.2630202
  2S        1.782123     -0.0000271     -0.0001298     -0.0005236      0.0917744     -0.4392445
  2S        0.696713      0.0000033      0.0000160      0.0000687     -0.0004815      1.1174216
  3S        0.626327     -0.0000015     -0.0000072     -0.0000299      0.0002070      0.0943850
        P                    2P             3P             4P 
  BASIS/ORB.ENERGY      -78.1644715    -11.8541929     -1.3011877
              CUSP        1.0009028      0.9998498      0.9993952
  2P       59.900446     -0.0066340     -0.0044378     -0.0017263
  3P       49.386205     -0.0134569     -0.0089414     -0.0034703
  2P       29.527649      0.3241549      0.1684998      0.0619773
  3P       23.603873      0.4042563      0.1977728      0.0705726
  3P       17.192929      0.3246994      0.3242036      0.1366654
  2P       10.613393      0.0499760     -0.2691898     -0.1630263
  3P        7.969468     -0.0002788     -0.7553278     -0.2723236
  3P        5.813073      0.0004417     -0.2580804     -0.4426046
  3P        1.867462      0.0000805      0.0032600     -0.9067918
  2P        1.678620     -0.0001196     -0.0053319      2.1182057
  2P        0.626327     -0.0000015      0.0000100      0.0019785
        D                    3D             4D 
  BASIS/ORB.ENERGY       -6.5994805     -0.2498489
              CUSP        1.0000295      1.0006818
  3D       40.810898      0.0009670     -0.0002091
  4D       31.088920      0.0049518     -0.0010717
  3D       13.030122      0.1870176     -0.0473405
  4D       11.548644      0.0116097     -0.0193085
  3D        8.178911      0.5443438     -0.0930002
  4D        6.740759      0.2038900     -0.0980748
  3D        4.532441      0.1435513      0.0071179
  3D        2.474758      0.0039834      0.2950860
  3D        1.534569     -0.0008202      0.4826028
  3D        0.951074      0.0003846      0.3356767
  3D        0.626327     -0.0001036      0.0166744
 
