      ZIRCONIUM   K(2)L(8)M(18)4S(2)4P(6)5S(2)4D(2), 3F                               
   E = -3538.995062775
   T =  3538.995058001     V = -7077.990120775     V/T =    -2.000000001
  ORBITAL ENERGIES AND EXPANSION COEFFICIENTS
        S                    1S             2S             3S             4S             5S 
  BASIS/ORB.ENERGY     -650.7049844    -91.3776877    -16.0550277     -2.4191936     -0.2072925
              CUSP        1.0003331      1.0001304      1.0004262      1.0004960      1.0007722
  1S       67.592359     -0.0200934      0.0451571     -0.0193800      0.0072585     -0.0019166
  3S       50.153491      0.0255938     -0.0474142      0.0208376     -0.0078637      0.0021032
  1S       41.425649      0.9785096     -0.3916837      0.1639511     -0.0618098      0.0163762
  4S       29.178763     -0.0282160      0.1080504     -0.0375782      0.0122299     -0.0028827
  3S       17.919326     -0.0300996      0.2710428     -0.3774636      0.1755691     -0.0493803
  2S       17.912024      0.0766117      0.6865250     -0.3754797      0.1525955     -0.0415791
  4S        9.994816     -0.0038354     -0.0379529      0.2634943     -0.1023089      0.0231827
  4S        7.642912     -0.0016429     -0.0251887     -0.0546856     -0.1785952      0.0778035
  2S        6.238086      0.0086180      0.1054057      1.0569892     -0.5801306      0.2025866
  2S        4.544157     -0.0009570     -0.0079323     -0.0150192     -0.3511833      0.0285603
  2S        2.661086      0.0001423      0.0008655      0.0058579      1.4278307     -0.2589845
  2S        1.940158     -0.0000464     -0.0003133     -0.0008924      0.1234594     -0.4372861
  2S        0.730087      0.0000045      0.0000312      0.0000901     -0.0002587      1.0982977
  3S        0.643883     -0.0000020     -0.0000140     -0.0000387      0.0001264      0.1000195
        P                    2P             3P             4P 
  BASIS/ORB.ENERGY      -83.4785412    -13.0197673     -1.4875939
              CUSP        1.0005325      0.9996900      0.9993684
  2P       60.343183     -0.0087377     -0.0057480     -0.0023582
  3P       50.196004     -0.0164355     -0.0107973     -0.0044263
  2P       30.901959      0.3174449      0.1676956      0.0650633
  3P       24.531890      0.3978674      0.1957775      0.0732587
  3P       17.884138      0.3281361      0.3259147      0.1459484
  2P       11.439539      0.0633748     -0.2362467     -0.1616033
  3P        8.353774      0.0003157     -0.7669762     -0.2856684
  3P        6.122179      0.0002935     -0.2724428     -0.4814032
  3P        2.017179      0.0000553      0.0036571     -0.8960979
  2P        1.812481     -0.0000931     -0.0061078      2.1353732
  2P        0.643883     -0.0000001      0.0000090      0.0019542
        D                    3D             4D 
  BASIS/ORB.ENERGY       -7.5158398     -0.3367585
              CUSP        1.0006313      0.9995394
  3D       42.479679      0.0009114     -0.0002287
  4D       32.217117      0.0048085     -0.0012234
  3D       13.438794      0.1898195     -0.0514088
  4D       12.539994      0.0069596     -0.0137274
  3D        8.374347      0.5779562     -0.1299196
  4D        6.870380      0.1954391     -0.1192217
  3D        4.690315      0.1162553      0.0397585
  3D        2.537352      0.0030268      0.3846543
  3D        1.602841     -0.0006565      0.4816006
  3D        1.043033      0.0003234      0.2414336
  3D        0.643884     -0.0000648      0.0043192
 
