      ACTINIUM   [RN]7S(2)6D(1), 2D                                                   
      CHARGE = 89.000000
      SYMMETRY SPECIES               S     P     D     F 
      NUMBER OF BASIS FUNCTIONS     15    12    11     6
      NUMBER OF CLOSED SHELLS        7     5     3     1
      NUMBER OF OPEN SHELLS          0     0     1     0
      OPEN SHELL OCCUPATION NUMBER   0     0     1     0
   E =-23722.191878737
   T = 23722.191934245     V =-47444.383812982     V/T =    -1.999999998
  ORBITAL ENERGIES AND EXPANSION COEFFICIENTS
        S                    1S             2S             3S             4S             5S             6S             7S 
  BASIS/ORB.ENERGY    -3469.6264841   -603.4075381   -152.6407512    -39.0238448     -8.8623216     -1.5355594      -.1609737
  1S      103.566421       .1148917       .0323053      -.0095859       .0044302      -.0034850       .0011511      -.0004716
  1S       86.497397       .8865817      -.3896553       .1793650      -.0914927       .0458017      -.0188380       .0056996
  2S       71.640446      -.0018084      -.2530307       .1419169      -.0746269       .0342622      -.0147892       .0041715
  2S       41.677547       .0032439      1.1779345      -.6291373       .3285305      -.1550819       .0659132      -.0190195
  3S       37.312088      -.0026644       .0992529      -.5028569       .3118424      -.1661853       .0687341      -.0209898
  3S       26.240073       .0024891       .0000240       .7302286      -.1115425       .0363420      -.0052828       .0037936
  3S       21.005341      -.0017243       .0004731       .7510667     -1.3488819       .7567324      -.3381737       .0966879
  4S       11.023570      -.0006456       .0003871      -.0143963      -.1443211      -.5036288       .2871040      -.0946630
  3S       11.019466       .0008148      -.0006495       .0290129      1.6772363     -1.0921824       .4984315      -.1439868
  3S        5.668415       .0003573      -.0001016       .0024219       .0384172      1.3679974      -.5123500       .1543836
  3S        4.601852      -.0002544       .0000785      -.0016462      -.0164785       .2659390      -.7947457       .2713632
  3S        2.470213       .0000691      -.0000225       .0003814       .0020801       .0049276      1.1273943      -.3765702
  3S        1.849037      -.0000388       .0000120      -.0001952      -.0010821      -.0002693       .3097277      -.2656102
  3S         .836903       .0000094      -.0000029       .0000437       .0002065       .0000138      -.0019019       .6435321
  3S         .612646      -.0000049       .0000015      -.0000225      -.0001037       .0000010       .0009616       .5053889
        P                    2P             3P             4P             5P             6P 
  BASIS/ORB.ENERGY     -582.3229610   -142.4056470    -34.3088539     -6.9980006      -.9459290
  2P       83.950462      -.0055220      -.0017329       .0005520      -.0001655       .0001130
  2P       47.379407      -.7536588      -.3893565       .2007955      -.0938109       .0363717
  3P       42.317464      -.2575405      -.2508140       .1356290      -.0620236       .0251220
  3P       25.516598      -.0304560       .7317337      -.4419165       .2184743      -.0857424
  4P       25.513192       .0191390       .3265106      -.3769287       .2309898      -.0852562
  4P       14.143135       .0077302      -.1280490       .7119587      -.1251186       .0783937
  3P       14.143061      -.0093363       .2625049      -.3065927       .2879628      -.1451990
  3P       10.014047      -.0029682       .0272547       .7528573     -1.3685537       .5779824
  3P        5.578447       .0006455      -.0042495       .0176378       .8894145      -.1722212
  3P        4.528351      -.0003654       .0020572      -.0054979       .6333244      -.8379022
  3P        2.122176       .0000387      -.0001796       .0002368       .0098144      1.0861069
  3P        1.425686      -.0000150       .0000674      -.0000925      -.0022878       .2223175
        D                    3D             4D             5D             6D 
  BASIS/ORB.ENERGY     -123.5347284    -25.6020286     -3.7189138      -.2514762
  3D       55.806211       .0035600      -.0013609       .0006601      -.0000872
  3D       32.318943       .4573200      -.2519913       .1071095      -.0304496
  4D       26.673684       .5003718      -.3116220       .1414353      -.0378562
  4D       17.487764       .1551280       .0870658      -.0895327       .0119581
  4D       13.909369      -.0630094       .4984930      -.1605303       .0804654
  4D       10.825716       .0223355       .5155794      -.4797120       .1018100
  4D        7.265443      -.0050780       .0527689       .3079551      -.0481489
  4D        5.033503       .0018910      -.0068970       .7812009      -.3603243
  4D        3.419505      -.0005589       .0014045       .1727998       .0330914
  4D        1.865952       .0001183      -.0003024       .0007864       .6591098
  4D        1.076193      -.0000338       .0000780       .0002087       .4462350
        F                    4F 
  BASIS/ORB.ENERGY      -13.5625485
  4F       30.646406       .0180943
  4F       18.859879       .2493732
  4F       12.433128       .4997068
  5F        8.224069      -.2180428
  4F        7.677769       .5299271
  4F        5.545284       .0090766
