      AMERICIUM   [RN]7S(2)5F(7), 8S                                                  
      CHARGE = 95.000000
      SYMMETRY SPECIES               S     P     D     F 
      NUMBER OF BASIS FUNCTIONS     15    12     9     8
      NUMBER OF CLOSED SHELLS        7     5     3     1
      NUMBER OF OPEN SHELLS          0     0     0     1
      OPEN SHELL OCCUPATION NUMBER   0     0     0     7
   E =-27695.887018041
   T = 27695.887174718     V =-55391.774192759     V/T =    -1.999999994
  ORBITAL ENERGIES AND EXPANSION COEFFICIENTS
        S                    1S             2S             3S             4S             5S             6S             7S 
  BASIS/ORB.ENERGY    -3972.1938631   -700.0047380   -180.9152733    -47.8309208    -10.9526017     -1.6681180      -.1612883
  1S      108.514351       .1460397       .0389136      -.0109858       .0061325      -.0050704       .0017815      -.0006775
  1S       91.949998       .8566752      -.4005491       .1835816      -.0963816       .0506518      -.0203065       .0055068
  2S       76.105473      -.0035220      -.2549536       .1457190      -.0766169       .0359256      -.0149782       .0036111
  2S       44.549019       .0035220      1.1910776      -.6433276       .3387576      -.1647040       .0678004      -.0170005
  3S       39.617958      -.0029320       .0926845      -.5322748       .3502018      -.1976515       .0803468      -.0219235
  3S       27.944494       .0028444      -.0028822       .8949320      -.2697073       .1406855      -.0503220       .0166608
  3S       21.936836      -.0021445       .0018647       .6340188     -1.3406216       .7482576      -.3218277       .0776063
  4S       12.509773      -.0009165       .0007543       .0003242      -.0062252      -.7762846       .4284102      -.1252341
  3S       12.508435       .0012523      -.0012500       .0046686      1.6462872     -1.0053026       .4361602      -.1058402
  3S        6.663735       .0004133      -.0002088      -.0019533       .0336752      1.1844968      -.4599069       .1351714
  3S        5.436424      -.0002568       .0001338       .0010268      -.0099841       .5469034      -.7938077       .2143545
  3S        2.662610       .0000482      -.0000252      -.0001673       .0003999       .0070352      1.0383038      -.2797509
  3S        1.961718      -.0000274       .0000137       .0001018      -.0002179      -.0012743       .3083097      -.2343521
  3S         .825118       .0000070      -.0000035      -.0000261       .0000266       .0002011      -.0034847       .6849676
  3S         .602749      -.0000040       .0000019       .0000147      -.0000130      -.0001031       .0017022       .4333643
        P                    2P             3P             4P             5P             6P 
  BASIS/ORB.ENERGY     -677.2367483   -169.7051632    -42.5370001     -8.7743179      -.9924815
  2P       91.104106      -.0045020      -.0014705       .0004760      -.0001280       .0000820
  2P       51.359787      -.7326890      -.3806881       .1999900      -.0973701       .0361360
  3P       46.111052      -.2746159      -.2503600       .1365824      -.0644983       .0247506
  3P       28.473803      -.0406652       .5757745      -.3252391       .1652237      -.0620665
  4P       28.476350       .0247692       .4111776      -.3973227       .2491890      -.0904064
  4P       15.819973       .0141849      -.3105350      1.0201164      -.2906020       .1244550
  3P       14.584813      -.0168016       .5097992      -.8823064       .7910788      -.3558312
  3P       11.386274      -.0030283       .0126433       .9319989     -1.7800021       .7758419
  3P        6.553568       .0006250      -.0029013       .0214162       .8914003      -.2924829
  3P        5.147036      -.0003067       .0011482      -.0046461       .7233854      -.6929968
  3P        2.343903       .0000356      -.0001126       .0002754       .0103265       .9387166
  3P        1.602802      -.0000149       .0000456      -.0001096      -.0024473       .3181897
        D                    3D             4D             5D 
  BASIS/ORB.ENERGY     -149.0267494    -32.7250208     -4.9070322
  3D       62.341082       .0023061      -.0008545       .0004640
  3D       35.192142       .4438410      -.2508651       .1130190
  4D       29.205796       .4994426      -.3231736       .1560230
  4D       19.795476       .1551124       .0433156      -.0635875
  4D       15.067734      -.0451968       .6163186      -.2359800
  4D       11.821831       .0190414       .4435902      -.5495609
  4D        8.312521      -.0043878       .0414950       .4427289
  4D        5.652153       .0010181      -.0023050       .7787461
  4D        3.713707      -.0001955       .0003646       .1300230
        F                    4F             5F 
  BASIS/ORB.ENERGY      -19.0626502      -.7221538
  4F       33.485222       .0165266      -.0052732
  4F       20.732321       .2558343      -.0962791
  4F       13.553845       .5650694      -.1867930
  5F        8.696144      -.2009870       .2528636
  4F        8.184470       .4385830      -.1842378
  4F        4.844213       .0017356       .5515984
  4F        2.996931      -.0002246       .3850291
  4F        1.866870       .0000521       .1022711
