      BERKELIUM   [RN]7S(2)6D(1)5F(8), 8H                                             
      CHARGE = 97.000000
      SYMMETRY SPECIES               S     P     D     F 
      NUMBER OF BASIS FUNCTIONS     15    12    11     8
      NUMBER OF CLOSED SHELLS        7     5     3     1
      NUMBER OF OPEN SHELLS          0     0     1     1
      OPEN SHELL OCCUPATION NUMBER   0     0     1     8
   E =-29099.831394080
   T = 29099.831194369     V =-58199.662588449     V/T =    -2.000000007
  ORBITAL ENERGIES AND EXPANSION COEFFICIENTS
        S                    1S             2S             3S             4S             5S             6S             7S 
  BASIS/ORB.ENERGY    -4147.5804679   -734.0871413   -191.1447862    -51.2004471    -11.9379224     -1.8650855      -.1738481
  1S      110.699843       .1457679       .0394389      -.0111785       .0063240      -.0054226       .0019958      -.0007173
  1S       93.919675       .8569284      -.4013003       .1842221      -.0972803       .0519146      -.0212320       .0058624
  2S       77.746438      -.0035086      -.2556131       .1462231      -.0771630       .0363682      -.0153755       .0038612
  2S       45.481241       .0034974      1.1943747      -.6458938       .3415480      -.1674477       .0700279      -.0181513
  3S       40.473190      -.0029511       .0895413      -.5385884       .3576288      -.2058191       .0855049      -.0237393
  3S       28.589737       .0029067      -.0027239       .9161492      -.2881508       .1604951      -.0607443       .0193666
  3S       22.356593      -.0022621       .0018006       .6236080     -1.3597697       .7460039      -.3235534       .0808033
  4S       13.102682      -.0009572       .0007151       .0035950       .0873811      -.8886224       .4972771      -.1460761
  3S       13.101116       .0013806      -.0012552      -.0015996      1.5847192      -.9085497       .3929104      -.0976081
  3S        6.776123       .0004128      -.0001742      -.0026680       .0365353      1.3133997      -.5347427       .1541836
  3S        5.561570      -.0002742       .0001204       .0015315      -.0126901       .4141148      -.7777131       .2246120
  3S        2.835207       .0000565      -.0000251      -.0002681       .0007651       .0077828      1.0483251      -.2974203
  3S        2.098815      -.0000313       .0000132       .0001542      -.0003906      -.0015242       .3346769      -.2491092
  3S         .910937       .0000073      -.0000031      -.0000355       .0000560       .0002501      -.0020504       .6123837
  3S         .649692      -.0000039       .0000016       .0000186      -.0000269      -.0001204       .0010264       .5156076
        P                    2P             3P             4P             5P             6P 
  BASIS/ORB.ENERGY     -710.7535667   -179.6053034    -45.7104206     -9.6496508     -1.1384830
  2P       93.295612      -.0043066      -.0014050       .0004688      -.0001218       .0000907
  2P       52.603107      -.7290202      -.3795963       .2004933      -.0988946       .0375163
  3P       47.296425      -.2770461      -.2494507       .1368775      -.0652655       .0258156
  3P       29.420392      -.0430827       .5373019      -.2959189       .1518435      -.0583176
  4P       29.414711       .0260676       .4278123      -.3974160       .2528225      -.0924686
  4P       16.415002       .0152188      -.3421105      1.0753345      -.3072139       .1396928
  3P       15.073667      -.0181468       .5623898     -1.0493721       .9351706      -.4300417
  3P       11.874683      -.0030618       .0089462      1.0134902     -1.9160768       .8512364
  3P        6.802757       .0006412      -.0027647       .0247082       .8914367      -.2775313
  3P        5.389001      -.0003229       .0011281      -.0059049       .7382556      -.7538785
  3P        2.469651       .0000355      -.0001046       .0003336       .0098753       .9925248
  3P        1.672196      -.0000144       .0000414      -.0001312      -.0022330       .2835106
        D                    3D             4D             5D             6D 
  BASIS/ORB.ENERGY     -158.3158506    -35.5248392     -5.5699323      -.2834111
  3D       64.293214       .0020207      -.0007475       .0004090      -.0000349
  3D       36.233835       .4361436      -.2483343       .1141664      -.0310459
  4D       30.164001       .4958913      -.3240069       .1591904      -.0412544
  4D       20.837165       .1604699       .0106592      -.0397578       .0027386
  4D       15.686011      -.0355344       .6308654      -.2756870       .0989814
  4D       12.214648       .0145153       .4628888      -.5355496       .1275632
  4D        8.219944      -.0034852       .0351893       .5357972      -.1340026
  4D        5.676054       .0011502      -.0040579       .7249167      -.3339863
  4D        3.664204      -.0003344       .0009485       .0833506       .1442840
  4D        2.075910       .0000845      -.0002289      -.0013088       .6443847
  4D        1.176063      -.0000239       .0000564       .0003197       .4067204
        F                    4F             5F 
  BASIS/ORB.ENERGY      -21.3166475      -.9885219
  4F       34.300865       .0164484      -.0056095
  4F       21.309989       .2589570      -.1037726
  4F       13.913638       .5839797      -.2079473
  5F        8.985940      -.1352509       .2528897
  4F        8.603271       .3500958      -.1545272
  4F        5.070205       .0028374       .5710814
  4F        3.182839      -.0003389       .3592487
  4F        2.022226       .0001078       .0772493
