      CALIFORNIUM   [RN]7S(2)5F(10), 5I                                               
      CHARGE = 98.000000
      SYMMETRY SPECIES               S     P     D     F 
      NUMBER OF BASIS FUNCTIONS     15    12     9     8
      NUMBER OF CLOSED SHELLS        7     5     3     1
      NUMBER OF OPEN SHELLS          0     0     0     1
      OPEN SHELL OCCUPATION NUMBER   0     0     0    10
   E =-29817.418706498
   T = 29817.418749675     V =-59634.837456173     V/T =    -1.999999999
 
  ORBITAL ENERGIES AND EXPANSION COEFFICIENTS
        S                    1S             2S             3S             4S             5S             6S             7S 
  BASIS/ORB.ENERGY    -4236.3515326   -751.0610407   -195.9701005    -52.5317934    -12.0761628     -1.7698462     -0.1655266
  1S      111.875922      0.1438653      0.0393326     -0.0111501      0.0064546     -0.0055045      0.0019724     -0.0007332
  1S       94.929823      0.8587662     -0.4011032      0.1843192     -0.0977235      0.0522586     -0.0208203      0.0055153
  2S       78.603768     -0.0034235     -0.2558131      0.1463017     -0.0771950      0.0364529     -0.0150197      0.0034926
  2S       45.933619      0.0034641      1.1961259     -0.6469928      0.3424971     -0.1682442      0.0685613     -0.0166608
  3S       40.930233     -0.0029303      0.0871355     -0.5390839      0.3606379     -0.2082502      0.0843203     -0.0224730
  3S       28.869705      0.0028988     -0.0020908      0.9304552     -0.3026099      0.1705347     -0.0635043      0.0201323
  3S       22.532170     -0.0023015      0.0014621      0.6127751     -1.3660880      0.7443860     -0.3136633      0.0719339
  4S       13.352997     -0.0009869      0.0006103      0.0056422      0.1076020     -0.9306212      0.5065497     -0.1430550
  3S       13.352629      0.0014403     -0.0011101     -0.0056517      1.5805752     -0.8870488      0.3711586     -0.0842184
  3S        7.005320      0.0003938     -0.0001229     -0.0028968      0.0366072      1.2037579     -0.4956960      0.1431913
  3S        5.716672     -0.0002457      0.0000820      0.0015487     -0.0112758      0.5363006     -0.7517861      0.1931930
  3S        2.804739      0.0000456     -0.0000157     -0.0002425      0.0005881      0.0077201      0.9885804     -0.2510578
  3S        2.067300     -0.0000255      0.0000081      0.0001399     -0.0003124     -0.0015564      0.3484117     -0.2392202
  3S        0.845180      0.0000062     -0.0000019     -0.0000332      0.0000466      0.0002524     -0.0029144      0.6842411
  3S        0.612276     -0.0000035      0.0000011      0.0000188     -0.0000246     -0.0001332      0.0014694      0.4275269
        P                    2P             3P             4P             5P             6P 
  BASIS/ORB.ENERGY     -727.4485197   -184.2665299    -46.9434955     -9.7419391     -1.0474086
  2P       94.276359     -0.0042445     -0.0013877      0.0004708     -0.0001242      0.0000845
  2P       53.232647     -0.7269172     -0.3788920      0.2006187     -0.0991731      0.0363127
  3P       47.902836     -0.2783860     -0.2489153      0.1369209     -0.0654102      0.0248770
  3P       29.893329     -0.0445325      0.5186532     -0.2822518      0.1448658     -0.0537443
  4P       29.884412      0.0268499      0.4355608     -0.3979065      0.2530579     -0.0900228
  4P       16.680927      0.0159588     -0.3636972      1.1096284     -0.3204079      0.1333142
  3P       15.262992     -0.0190442      0.5954029     -1.1389670      1.0245052     -0.4521538
  3P       12.121953     -0.0030802      0.0055279      1.0553365     -1.9965948      0.8671024
  3P        6.992505      0.0006142     -0.0025242      0.0256213      0.8855063     -0.3080866
  3P        5.450385     -0.0002911      0.0009541     -0.0053179      0.7550227     -0.6731104
  3P        2.459366      0.0000338     -0.0000972      0.0003535      0.0101604      0.9096380
  3P        1.676074     -0.0000143      0.0000399     -0.0001403     -0.0023664      0.3369377
        D                    3D             4D             5D 
  BASIS/ORB.ENERGY     -162.6732604    -36.5707736     -5.5837818
  3D       65.304989      0.0019301     -0.0007068      0.0004005
  3D       36.639006      0.4369901     -0.2497374      0.1150118
  4D       30.509173      0.4968820     -0.3265685      0.1612201
  4D       21.007637      0.1596459      0.0203560     -0.0484321
  4D       15.708765     -0.0390571      0.6629813     -0.2718837
  4D       12.348554      0.0177828      0.4160922     -0.5790154
  4D        8.848061     -0.0043631      0.0401529      0.4944454
  4D        5.968833      0.0008966     -0.0015168      0.7769690
  4D        3.898454     -0.0001758      0.0003440      0.1191100
        F                    4F             5F 
  BASIS/ORB.ENERGY      -22.0913840     -0.8067307
  4F       34.834611      0.0159877     -0.0053753
  4F       21.648291      0.2584705     -0.1029228
  4F       14.121613      0.5923681     -0.2066520
  5F        9.268811     -0.0682969      0.2367190
  4F        9.107124      0.2771927     -0.1375522
  4F        5.183159      0.0034340      0.5589028
  4F        3.200821     -0.0002859      0.3656115
  4F        1.986833      0.0001446      0.0954020
 
