      CURIUM   [RN]7S(2)6D(1)5F(7), 9D                                                
      CHARGE = 96.000000
      SYMMETRY SPECIES               S     P     D     F 
      NUMBER OF BASIS FUNCTIONS     15    12    11     8
      NUMBER OF CLOSED SHELLS        7     5     3     1
      NUMBER OF OPEN SHELLS          0     0     1     1
      OPEN SHELL OCCUPATION NUMBER   0     0     1     7
   E =-28392.770961608
   T = 28392.770991566     V =-56785.541953174     V/T =    -1.999999999
 
  ORBITAL ENERGIES AND EXPANSION COEFFICIENTS
        S                    1S             2S             3S             4S             5S             6S             7S 
  BASIS/ORB.ENERGY    -4059.5156306   -717.0558473   -186.1140586    -49.6212756    -11.5523061     -1.8242508     -0.1715415
  1S      109.612751      0.1457739      0.0389593     -0.0109770      0.0061165     -0.0051989      0.0018885     -0.0006867
  1S       92.936745      0.8569268     -0.4006377      0.1837645     -0.0966925      0.0512726     -0.0209909      0.0058217
  2S       76.950992     -0.0035053     -0.2550422      0.1458250     -0.0768871      0.0361854     -0.0153598      0.0038834
  2S       44.998600      0.0035054      1.1931275     -0.6448156      0.3404227     -0.1663909      0.0698018     -0.0181982
  3S       40.035230     -0.0029462      0.0902015     -0.5360095      0.3538549     -0.2019402      0.0839028     -0.0233991
  3S       28.287682      0.0028771     -0.0025719      0.9037776     -0.2769535      0.1495896     -0.0556004      0.0179369
  3S       22.155737     -0.0021975      0.0016864      0.6316244     -1.3521588      0.7495505     -0.3275466      0.0826867
  4S       12.809142     -0.0009325      0.0006859      0.0021603      0.0429812     -0.8321985      0.4675772     -0.1384611
  3S       12.807190      0.0013121     -0.0011829      0.0013414      1.6133999     -0.9563855      0.4193337     -0.1058510
  3S        6.672423      0.0004205     -0.0001750     -0.0024854      0.0351851      1.3017975     -0.5171379      0.1492857
  3S        5.474202     -0.0002780      0.0001203      0.0014269     -0.0119188      0.4252356     -0.7981327      0.2329953
  3S        2.789448      0.0000571     -0.0000250     -0.0002538      0.0006370      0.0073113      1.0595774     -0.3053938
  3S        2.064744     -0.0000317      0.0000132      0.0001472     -0.0003243     -0.0012961      0.3270210     -0.2457436
  3S        0.896377      0.0000075     -0.0000031     -0.0000345      0.0000416      0.0002062     -0.0022251      0.6229734
  3S        0.641591     -0.0000040      0.0000016      0.0000182     -0.0000195     -0.0000985      0.0010915      0.5052593
        P                    2P             3P             4P             5P             6P 
  BASIS/ORB.ENERGY     -694.0038213   -174.7390595    -44.2293864     -9.3161166     -1.1142799
  2P       92.375643     -0.0043285     -0.0014223      0.0004718     -0.0001210      0.0000886
  2P       52.048311     -0.7287062     -0.3789511      0.1996065     -0.0979745      0.0373032
  3P       46.755479     -0.2779879     -0.2505372      0.1371473     -0.0650980      0.0257901
  3P       28.969843     -0.0422379      0.5540005     -0.3090416      0.1583838     -0.0610327
  4P       28.937060      0.0255911      0.4242144     -0.3994093      0.2534729     -0.0933263
  4P       16.155524      0.0141049     -0.2981920      1.0096628     -0.2676226      0.1231104
  3P       15.030526     -0.0167307      0.4990899     -0.9117542      0.8006235     -0.3704743
  3P       11.614807     -0.0033257      0.0193092      0.9549671     -1.8165633      0.8059597
  3P        6.659121      0.0006811     -0.0035789      0.0234032      0.8898696     -0.2668566
  3P        5.292248     -0.0003456      0.0015032     -0.0057131      0.7310071     -0.7651239
  3P        2.433730      0.0000377     -0.0001378      0.0003092      0.0100743      0.9962628
  3P        1.651093     -0.0000152      0.0000543     -0.0001223     -0.0022957      0.2836083
        D                    3D             4D             5D             6D 
  BASIS/ORB.ENERGY     -153.7545557    -34.2307509     -5.3335313     -0.3006688
  3D       63.281438      0.0021388     -0.0007807      0.0004338     -0.0000442
  3D       35.762624      0.4379510     -0.2485072      0.1133748     -0.0322109
  4D       29.732643      0.4977560     -0.3228816      0.1577942     -0.0427339
  4D       20.338402      0.1624925      0.0128543     -0.0462592      0.0037513
  4D       15.629075     -0.0428277      0.5816735     -0.2330614      0.0927599
  4D       12.194421      0.0162799      0.5063575     -0.5502053      0.1356400
  4D        8.106496     -0.0037116      0.0412005      0.4864189     -0.1185316
  4D        5.645416      0.0013245     -0.0056060      0.7395945     -0.3624088
  4D        3.705816     -0.0003900      0.0012931      0.0996661      0.1315444
  4D        2.098537      0.0000942     -0.0002952     -0.0009050      0.6580025
  4D        1.201851     -0.0000268      0.0000756      0.0002808      0.4023585
        F                    4F             5F 
  BASIS/ORB.ENERGY      -20.2948370     -0.9687882
  4F       33.822758      0.0167613     -0.0056270
  4F       20.974594      0.2600937     -0.1024179
  4F       13.682058      0.5789462     -0.2022137
  5F        8.829274     -0.1389546      0.2395839
  4F        8.445016      0.3587465     -0.1557370
  4F        4.983619      0.0028061      0.5680970
  4F        3.134988     -0.0004387      0.3696676
  4F        1.990129      0.0000925      0.0803504
 
