      EINSTEINIUM   [RN]7S(2)5F(11), 4I                                               
      CHARGE = 99.000000
      SYMMETRY SPECIES               S     P     D     F 
      NUMBER OF BASIS FUNCTIONS     15    12     9     8
      NUMBER OF CLOSED SHELLS        7     5     3     1
      NUMBER OF OPEN SHELLS          0     0     0     1
      OPEN SHELL OCCUPATION NUMBER   0     0     0    11
   E =-30544.971971799
   T = 30544.972073537     V =-61089.944045336     V/T =    -1.999999997
  ORBITAL ENERGIES AND EXPANSION COEFFICIENTS
        S                    1S             2S             3S             4S             5S             6S             7S 
  BASIS/ORB.ENERGY    -4326.2948981   -768.4708999   -201.1061530    -54.1255716    -12.4468358     -1.8006082      -.1668187
  1S      113.057181       .1419005       .0395710      -.0113946       .0066097      -.0056652       .0020331      -.0007459
  1S       95.941596       .8606608      -.4013389       .1847590      -.0981965       .0527739      -.0209549       .0055085
  2S       79.416372      -.0033386      -.2565251       .1465841      -.0774860       .0366503      -.0150389       .0034642
  2S       46.420884       .0034388      1.1969701      -.6474645       .3434268      -.1691562       .0686639      -.0165407
  3S       41.383502      -.0029247       .0868766      -.5418164       .3636321      -.2114515       .0853726      -.0225860
  3S       29.196911       .0029161      -.0023335       .9361168      -.3069887       .1772964      -.0663777       .0208296
  3S       22.759322      -.0023532       .0016611       .6112334     -1.3770720       .7416387      -.3099981       .0700393
  4S       13.642658      -.0010049       .0006804       .0070614       .1504028      -.9850523       .5323505      -.1485996
  3S       13.642655       .0014981      -.0012383      -.0086374      1.5506589      -.8375474       .3447785      -.0763100
  3S        7.115866       .0003853      -.0001415      -.0030833       .0383352      1.2031217      -.5005692       .1434700
  3S        5.812747      -.0002411       .0000941       .0016558      -.0121244       .5367645      -.7404148       .1879379
  3S        2.845530       .0000442      -.0000177      -.0002550       .0006924       .0080291       .9771131      -.2447455
  3S        2.094916      -.0000246       .0000093       .0001462      -.0003664      -.0017032       .3554018      -.2386982
  3S         .852686       .0000059      -.0000022      -.0000345       .0000591       .0002810      -.0028443       .6792990
  3S         .616339      -.0000034       .0000012       .0000196      -.0000317      -.0001493       .0014407       .4309606
        P                    2P             3P             4P             5P             6P 
  BASIS/ORB.ENERGY     -744.5766531   -189.2372810    -48.4384707    -10.0610227     -1.0633203
  2P       94.620539      -.0044414      -.0014721       .0005254      -.0001269       .0000792
  2P       53.578603      -.7337124      -.3829110       .2032428      -.1009905       .0368073
  3P       48.286953      -.2705810      -.2480581       .1371068      -.0651127       .0245227
  3P       32.337911      -.0365660       .4178846      -.2225241       .1160215      -.0430135
  4P       30.388793       .0168048       .5523292      -.4516253       .2882260      -.1038199
  4P       17.224036       .0086423      -.1879467       .8087502      -.0644447       .0146462
  3P       17.059945      -.0107908       .3977531      -.8503501       .6991868      -.3046647
  3P       12.319790      -.0030559       .0344945      1.0342001     -1.9074558       .8314537
  3P        7.027037       .0005189      -.0044386       .0271219       .9320064      -.3420493
  3P        5.502393      -.0002523       .0017874      -.0062903       .7016593      -.6343600
  3P        2.501660       .0000293      -.0001801       .0004387       .0099792       .8955315
  3P        1.703475      -.0000122       .0000732      -.0001717      -.0023136       .3496188
        D                    3D             4D             5D 
  BASIS/ORB.ENERGY     -167.3375445    -37.8776539     -5.8072332
  3D       66.137520       .0018474      -.0006711       .0003903
  3D       37.115763       .4349363      -.2494555       .1155788
  4D       30.941761       .4959896      -.3273611       .1628010
  4D       21.376642       .1622752       .0130083      -.0452600
  4D       15.949616      -.0391932       .6679902      -.2700131
  4D       12.583516       .0183807       .4138067      -.6009865
  4D        9.109259      -.0045622       .0430046       .4940577
  4D        6.116274       .0008746      -.0012679       .7867131
  4D        3.995607      -.0001735       .0003459       .1234768
        F                    4F             5F 
  BASIS/ORB.ENERGY      -23.1249339      -.8430270
  4F       35.378820       .0154794      -.0052708
  4F       22.011322       .2560824      -.1036081
  4F       14.373323       .5962524      -.2119565
  5F        9.446536      -.0697409       .2471170
  4F        9.271063       .2762219      -.1395023
  4F        5.285284       .0033936       .5628926
  4F        3.259830      -.0002036       .3587591
  4F        2.025012       .0001508       .0914460
