      FERMIUM   [RN]7S(2)5F(12), 3H                                                   
      CHARGE =100.000000
      SYMMETRY SPECIES               S     P     D     F 
      NUMBER OF BASIS FUNCTIONS     15    12     9     8
      NUMBER OF CLOSED SHELLS        7     5     3     1
      NUMBER OF OPEN SHELLS          0     0     0     1
      OPEN SHELL OCCUPATION NUMBER   0     0     0    12
   E =-31282.777381624
   T = 31282.777465902     V =-62565.554847526     V/T =    -1.999999997
 
  ORBITAL ENERGIES AND EXPANSION COEFFICIENTS
        S                    1S             2S             3S             4S             5S             6S             7S 
  BASIS/ORB.ENERGY    -4417.1859323   -786.0787044   -206.3035966    -55.7352169    -12.8177465     -1.8305956     -0.1680801
  1S      114.194993      0.1408700      0.0394851     -0.0114126      0.0066378     -0.0057566      0.0020730     -0.0007535
  1S       96.939536      0.8616598     -0.4012189      0.1849384     -0.0985176      0.0531954     -0.0210569      0.0054959
  2S       80.272446     -0.0033009     -0.2566108      0.1465388     -0.0776110      0.0367754     -0.0150162      0.0034289
  2S       46.871137      0.0034233      1.1987077     -0.6484021      0.3446116     -0.1701948      0.0687857     -0.0164367
  3S       41.840267     -0.0029287      0.0844499     -0.5430780      0.3656603     -0.2140152      0.0861939     -0.0226428
  3S       29.525508      0.0029381     -0.0016998      0.9396990     -0.3090754      0.1824828     -0.0687535      0.0213798
  3S       22.997665     -0.0024059      0.0013005      0.6110312     -1.3883210      0.7388707     -0.3058988      0.0681385
  4S       13.929243     -0.0010200      0.0005568      0.0082153      0.1913731     -1.0373638      0.5574892     -0.1538622
  3S       13.927724      0.0015523     -0.0010642     -0.0112320      1.5208755     -0.7884216      0.3182334     -0.0685890
  3S        7.220250      0.0003739     -0.0000921     -0.0031699      0.0401977      1.2108487     -0.5133332      0.1456379
  3S        5.896912     -0.0002344      0.0000639      0.0017035     -0.0130686      0.5286860     -0.7215356      0.1811399
  3S        2.884439      0.0000428     -0.0000124     -0.0002600      0.0008274      0.0081122      0.9691344     -0.2401295
  3S        2.118890     -0.0000238      0.0000063      0.0001482     -0.0004357     -0.0017553      0.3593683     -0.2372250
  3S        0.860726      0.0000057     -0.0000015     -0.0000350      0.0000756      0.0002946     -0.0028707      0.6726867
  3S        0.620714     -0.0000033      0.0000008      0.0000198     -0.0000410     -0.0001568      0.0014535      0.4364098
        P                    2P             3P             4P             5P             6P 
  BASIS/ORB.ENERGY     -761.9026003   -194.2690143    -49.9489780    -10.3804241     -1.0786351
  2P       95.277198     -0.0045122     -0.0015025      0.0005450     -0.0001242      0.0000798
  2P       54.082634     -0.7354322     -0.3842516      0.2044700     -0.1020537      0.0369866
  3P       48.811191     -0.2674683     -0.2467221      0.1366002     -0.0647394      0.0242940
  3P       33.394546     -0.0364398      0.3835987     -0.1991211      0.1040589     -0.0384723
  4P       30.941803      0.0151756      0.5755022     -0.4550108      0.2925419     -0.1047998
  4P       17.591402      0.0076801     -0.1778216      0.7707727     -0.0206699     -0.0057264
  3P       17.586481     -0.0097988      0.4007038     -0.8818673      0.7104373     -0.3067326
  3P       12.569014     -0.0027794      0.0341891      1.0784983     -1.9535680      0.8491683
  3P        7.131364      0.0004620     -0.0043278      0.0283924      0.9455603     -0.3544645
  3P        5.581213     -0.0002267      0.0017508     -0.0066914      0.6895804     -0.6170947
  3P        2.539015      0.0000266     -0.0001788      0.0004784      0.0097899      0.8848237
  3P        1.726341     -0.0000111      0.0000726     -0.0001864     -0.0022477      0.3575362
        D                    3D             4D             5D 
  BASIS/ORB.ENERGY     -172.0620400    -39.1994689     -6.0313576
  3D       66.970050      0.0017890     -0.0006497      0.0003771
  3D       37.554036      0.4343495     -0.2499826      0.1165277
  4D       31.341249      0.4947945     -0.3283106      0.1641611
  4D       21.738456      0.1624089      0.0104194     -0.0424192
  4D       16.112877     -0.0373370      0.6898988     -0.2862497
  4D       12.720276      0.0180682      0.3942821     -0.6089090
  4D        9.295969     -0.0046126      0.0425400      0.5179644
  4D        6.209658      0.0008258     -0.0010058      0.7858385
  4D        4.043504     -0.0001651      0.0003402      0.1185226
        F                    4F             5F 
  BASIS/ORB.ENERGY      -24.1728491     -0.8780935
  4F       35.941015      0.0149429     -0.0051511
  4F       22.375531      0.2538679     -0.1042033
  4F       14.616611      0.6017065     -0.2181763
  5F        9.609589     -0.0540005      0.2485000
  4F        9.535894      0.2571561     -0.1306147
  4F        5.379614      0.0035731      0.5658439
  4F        3.315605     -0.0001186      0.3514027
  4F        2.061897      0.0001753      0.0878651
 
