      FRANCIUM   [RN]7S(1), 2S                                                        
      CHARGE = 87.000000
      SYMMETRY SPECIES               S     P     D     F 
      NUMBER OF BASIS FUNCTIONS     15    12     9     6
      NUMBER OF CLOSED SHELLS        6     5     3     1
      NUMBER OF OPEN SHELLS          1     0     0     0
      OPEN SHELL OCCUPATION NUMBER   1     0     0     0
   E =-22475.858530260
   T = 22475.858541552     V =-44951.717071811     V/T =    -1.999999999
  ORBITAL ENERGIES AND EXPANSION COEFFICIENTS
        S                    1S             2S             3S             4S             5S             6S             7S 
  BASIS/ORB.ENERGY    -3309.1448396   -572.2204642   -143.1065757    -35.6150173     -7.5757478     -1.1273000      -.1178932
  1S      101.978322       .1049016       .0301072      -.0091116       .0038646      -.0031233       .0009162      -.0004537
  1S       84.676698       .8960690      -.3859513       .1778917      -.0897664       .0439659      -.0167027       .0042257
  2S       70.148749      -.0011166      -.2523583       .1405389      -.0739110       .0331312      -.0132695       .0027988
  2S       40.722793       .0031237      1.1731369      -.6238729       .3247476      -.1497966       .0589841      -.0132290
  3S       36.564250      -.0025475       .1015472      -.4918961       .2982275      -.1554445       .0592265      -.0153442
  3S       25.685340       .0023280       .0013850       .6697092      -.0604433       .0103387       .0050434       .0031248
  3S       20.647336      -.0015781      -.0001159       .7955779     -1.3545903       .7399800      -.3049377       .0663145
  4S       10.669335      -.0005334       .0002397      -.0173030      -.1223855      -.4603996       .2393457      -.0681332
  3S       10.668939       .0006894      -.0004536       .0342886      1.6310878     -1.0370255       .4368223      -.0969861
  3S        5.409521       .0002513      -.0000293       .0029153       .0343317      1.2657293      -.4947820       .1370248
  3S        4.319102      -.0001689       .0000265      -.0018688      -.0135478       .3119492      -.6073945       .1392960
  3S        2.279605       .0000394      -.0000072       .0003784       .0016029       .0030520       .8565166      -.2072293
  3S        1.670162      -.0000185       .0000030      -.0001646      -.0007249       .0004655       .4813671      -.2153866
  3S         .557011       .0000021      -.0000003       .0000174       .0000652      -.0000381       .0004398      1.0492184
  3S         .310522      -.0000010       .0000002      -.0000082      -.0000299       .0000147       .0001943       .0151924
        P                    2P             3P             4P             5P             6P 
  BASIS/ORB.ENERGY     -551.7019724   -133.1951900    -31.0907931     -5.8341997      -.6285280
  2P       81.894857      -.0057213      -.0017966       .0005709      -.0001598       .0000940
  2P       46.267422      -.7533186      -.3881639       .1987343      -.0904082       .0316642
  3P       41.274041      -.2581576      -.2504987       .1346064      -.0597586       .0217406
  3P       24.715008      -.0301821       .7528279      -.4556210       .2202705      -.0781616
  4P       24.713525       .0192319       .3093042      -.3667702       .2220801      -.0747993
  4P       13.785538       .0075680      -.1174084       .6437556      -.0834275       .0464653
  3P       13.784914      -.0095320       .2515588      -.2877773       .2439392      -.1117125
  3P        9.739078      -.0026709       .0225049       .8074363     -1.2920876       .5001783
  3P        5.219959       .0004928      -.0028907       .0178430       .9294218      -.2648081
  3P        4.136671      -.0002795       .0013540      -.0054594       .5346263      -.5780156
  3P        1.942765       .0000382      -.0001541       .0003824       .0098489       .8186689
  3P        1.331098      -.0000159       .0000618      -.0001565      -.0021487       .4222476
        D                    3D             4D             5D 
  BASIS/ORB.ENERGY     -114.9255541    -22.7491306     -2.8082663
  3D       53.149130       .0044859      -.0017858       .0008045
  3D       31.255929       .4662720      -.2543195       .1033411
  4D       25.782513       .4952756      -.3058970       .1325415
  4D       17.066339       .1361156       .1060475      -.0863388
  4D       13.175203      -.0430281       .5548491      -.2003948
  4D       10.104259       .0155601       .4560006      -.4147784
  4D        6.779322      -.0033399       .0375433       .3682830
  4D        4.560110       .0009553      -.0031326       .7454395
  4D        2.969156      -.0001897       .0003250       .1509181
        F                    4F 
  BASIS/ORB.ENERGY      -11.2537117
  4F       29.655976       .0188665
  4F       18.197881       .2488374
  4F       12.033467       .4753176
  5F        7.920612      -.2872011
  4F        7.290968       .6289353
  4F        4.727672       .0054266
