      LAWRENCIUM   [RN]7S(2)6D(1)5F(14), 2D                                           
      CHARGE =103.000000
      SYMMETRY SPECIES               S     P     D     F 
      NUMBER OF BASIS FUNCTIONS     15    12    11     8
      NUMBER OF CLOSED SHELLS        7     5     3     2
      NUMBER OF OPEN SHELLS          0     0     1     0
      OPEN SHELL OCCUPATION NUMBER   0     0     1     0
   E =-33557.950142251
   T = 33557.949960623     V =-67115.900102873     V/T =    -2.000000005
  ORBITAL ENERGIES AND EXPANSION COEFFICIENTS
        S                    1S             2S             3S             4S             5S             6S             7S 
  BASIS/ORB.ENERGY    -4695.8045441   -840.3630605   -222.5488222    -60.9427308    -14.1998570     -2.0646588     -0.1832377
  1S      117.771093      0.1348898      0.0386739     -0.0116102      0.0067641     -0.0059878      0.0021713     -0.0007261
  1S       99.975056      0.8674757     -0.4000069      0.1855575     -0.0994586      0.0543952     -0.0217451      0.0057628
  2S       82.875749     -0.0031070     -0.2570804      0.1459409     -0.0777408      0.0370899     -0.0153193      0.0037124
  2S       48.243474      0.0033850      1.2022357     -0.6489694      0.3469098     -0.1728307      0.0706144     -0.0176339
  3S       43.330365     -0.0029283      0.0787866     -0.5413372      0.3668161     -0.2185473      0.0889938     -0.0237240
  3S       30.477612      0.0030151      0.0002957      0.9342089     -0.2923192      0.1843332     -0.0706244      0.0213537
  3S       23.820947     -0.0025812      0.0002277      0.6161169     -1.4253890      0.7324444     -0.3028118      0.0714531
  4S       14.780478     -0.0010471      0.0002397      0.0085853      0.3185945     -1.1899105      0.6408249     -0.1774753
  3S       14.778913      0.0016856     -0.0005650     -0.0132723      1.4141869     -0.6330201      0.2439122     -0.0539507
  3S        7.443722      0.0003473      0.0000087     -0.0028491      0.0470987      1.3241385     -0.5925339      0.1633854
  3S        6.074548     -0.0002277      0.0000031      0.0015789     -0.0177322      0.4101951     -0.6784602      0.1864779
  3S        3.060811      0.0000466     -0.0000024     -0.0002637      0.0016398      0.0076581      0.9964463     -0.2655008
  3S        2.252852     -0.0000257      0.0000008      0.0001492     -0.0008496     -0.0015942      0.3545830     -0.2435578
  3S        0.959509      0.0000059     -0.0000002     -0.0000334      0.0001586      0.0002631     -0.0015066      0.6093922
  3S        0.673296     -0.0000031      0.0000001      0.0000174     -0.0000804     -0.0001271      0.0008019      0.5119167
        P                    2P             3P             4P             5P             6P 
  BASIS/ORB.ENERGY     -815.3378974   -210.0138679    -54.8568748    -11.6025092     -1.2473017
  2P       96.977915     -0.0048363     -0.0016365      0.0006210     -0.0001334      0.0001041
  2P       55.479157     -0.7439488     -0.3900410      0.2090696     -0.1057760      0.0388524
  3P       50.301898     -0.2543870     -0.2428064      0.1350043     -0.0637880      0.0247498
  3P       36.356365     -0.0369891      0.3124593     -0.1499656      0.0785966     -0.0297935
  4P       32.536565      0.0114069      0.6151048     -0.4509261      0.2962703     -0.1056906
  4P       18.618274      0.0062664     -0.1939711      0.7627512      0.0156985     -0.0161317
  3P       18.581159     -0.0080960      0.4505473     -1.0376225      0.8097177     -0.3551127
  3P       13.274625     -0.0021618      0.0344038      1.1804192     -2.0755484      0.9105262
  3P        7.476445      0.0003528     -0.0043654      0.0325246      0.9507808     -0.3524130
  3P        5.884212     -0.0001784      0.0018115     -0.0081793      0.6938595     -0.6481636
  3P        2.671872      0.0000202     -0.0001781      0.0005600      0.0090117      0.9437933
  3P        1.800258     -0.0000083      0.0000716     -0.0002172     -0.0020286      0.3091315
        D                    3D             4D             5D             6D 
  BASIS/ORB.ENERGY     -186.8786623    -43.5372223     -6.9518036     -0.2673657
  3D       68.265620      0.0017317     -0.0006377      0.0003642      0.0000105
  3D       39.089308      0.4240510     -0.2464425      0.1171675     -0.0283120
  4D       32.844237      0.4821228     -0.3230955      0.1642205     -0.0369711
  4D       23.518016      0.1753365     -0.0388393     -0.0068375     -0.0066248
  4D       17.207131     -0.0207393      0.6560846     -0.3096726      0.0978925
  4D       13.500854      0.0091584      0.4724791     -0.5811809      0.1248874
  4D        9.062463     -0.0020913      0.0348190      0.6256242     -0.1525585
  4D        6.166057      0.0005398     -0.0031956      0.6954557     -0.2708227
  4D        3.792907     -0.0001604      0.0008569      0.0573222      0.1633800
  4D        2.132066      0.0000443     -0.0002200     -0.0019167      0.6169521
  4D        1.176556     -0.0000124      0.0000587      0.0005140      0.4173943
        F                    4F             5F 
  BASIS/ORB.ENERGY      -27.6838105     -1.2482544
  4F       37.777105      0.0130702     -0.0046956
  4F       23.538779      0.2440759     -0.1055999
  4F       15.418134      0.6116460     -0.2368733
  5F       10.187920     -0.0552991      0.2697973
  4F       10.098580      0.2566905     -0.1373575
  4F        5.745369      0.0029239      0.5825077
  4F        3.590150     -0.0004300      0.3335069
  4F        2.284609      0.0000863      0.0659975
