      MENDELEVIUM   [RN]7S(2)5F(13), 2F                                               
      CHARGE =101.000000
      SYMMETRY SPECIES               S     P     D     F 
      NUMBER OF BASIS FUNCTIONS     15    12     9     8
      NUMBER OF CLOSED SHELLS        7     5     3     1
      NUMBER OF OPEN SHELLS          0     0     0     1
      OPEN SHELL OCCUPATION NUMBER   0     0     0    13
   E =-32030.932747565
   T = 32030.932800758     V =-64061.865548323     V/T =    -1.999999998
 
  ORBITAL ENERGIES AND EXPANSION COEFFICIENTS
        S                    1S             2S             3S             4S             5S             6S             7S 
  BASIS/ORB.ENERGY    -4509.0220406   -803.8817136   -211.5596497    -57.3582275    -13.1869516     -1.8591615     -0.1692929
  1S      115.391891      0.1387007      0.0393327     -0.0114802      0.0067210     -0.0058566      0.0020815     -0.0007466
  1S       97.954198      0.8637621     -0.4009507      0.1851420     -0.0988838      0.0536066     -0.0211037      0.0054638
  2S       81.129010     -0.0032184     -0.2568815      0.1464984     -0.0776931      0.0368801     -0.0150194      0.0034090
  2S       47.332097      0.0034018      1.1999673     -0.6488705      0.3454397     -0.1710300      0.0688760     -0.0163474
  3S       42.320127     -0.0029223      0.0826898     -0.5431963      0.3670729     -0.2160638      0.0865612     -0.0225590
  3S       29.834074      0.0029566     -0.0011652      0.9430390     -0.3102048      0.1867612     -0.0699546      0.0215364
  3S       23.236958     -0.0024654      0.0010186      0.6091989     -1.3993738      0.7360743     -0.3030232      0.0667691
  4S       14.207334     -0.0010423      0.0004685      0.0090713      0.2281715     -1.0875373      0.5787286     -0.1579232
  3S       14.206628      0.0016115     -0.0009347     -0.0133204      1.4944859     -0.7430410      0.2951928     -0.0621286
  3S        7.354132      0.0003703     -0.0000608     -0.0031974      0.0423528      1.1840322     -0.4970305      0.1398206
  3S        6.016394     -0.0002310      0.0000448      0.0017020     -0.0139344      0.5570785     -0.7283184      0.1818166
  3S        2.915143      0.0000407     -0.0000088     -0.0002481      0.0009005      0.0084677      0.9656736     -0.2379489
  3S        2.137287     -0.0000227      0.0000043      0.0001421     -0.0004784     -0.0019402      0.3561557     -0.2333172
  3S        0.868222      0.0000056     -0.0000010     -0.0000338      0.0000874      0.0003303     -0.0028583      0.6685742
  3S        0.624338     -0.0000031      0.0000006      0.0000191     -0.0000476     -0.0001759      0.0014392      0.4396392
        P                    2P             3P             4P             5P             6P 
  BASIS/ORB.ENERGY     -779.4236486   -199.3589515    -51.4725182    -10.6982530     -1.0928626
  2P       95.948792     -0.0045776     -0.0015402      0.0005644     -0.0001286      0.0000836
  2P       54.581376     -0.7373153     -0.3856345      0.2057248     -0.1030817      0.0371323
  3P       49.331192     -0.2641188     -0.2458139      0.1361881     -0.0645509      0.0241469
  3P       34.497757     -0.0363809      0.3532552     -0.1788596      0.0933026     -0.0343753
  4P       31.491063      0.0133867      0.5965129     -0.4583021      0.2949639     -0.1048525
  4P       17.908716      0.0069554     -0.1828417      0.7737909     -0.0150088     -0.0086991
  3P       17.907648     -0.0088859      0.4155587     -0.9297820      0.7448659     -0.3189347
  3P       12.793148     -0.0024995      0.0348440      1.1038132     -1.9909940      0.8614517
  3P        7.268828      0.0004070     -0.0043721      0.0293378      0.9434374     -0.3575239
  3P        5.674396     -0.0001980      0.0017456     -0.0067581      0.6977626     -0.6089449
  3P        2.570074      0.0000231     -0.0001787      0.0004908      0.0096707      0.8781403
  3P        1.744131     -0.0000097      0.0000728     -0.0001916     -0.0022198      0.3600879
        D                    3D             4D             5D 
  BASIS/ORB.ENERGY     -176.8439742    -40.5337150     -6.2544076
  3D       67.396992      0.0018018     -0.0006551      0.0003824
  3D       37.977966      0.4340911     -0.2507179      0.1175069
  4D       31.739815      0.4929951     -0.3286528      0.1653317
  4D       22.096008      0.1634259      0.0058138     -0.0398263
  4D       16.329719     -0.0364908      0.6983340     -0.2894925
  4D       12.928930      0.0180152      0.3878846     -0.6239066
  4D        9.503720     -0.0046140      0.0442815      0.5283939
  4D        6.324569      0.0007797     -0.0008967      0.7886670
  4D        4.112831     -0.0001581      0.0003581      0.1179015
        F                    4F             5F 
  BASIS/ORB.ENERGY      -25.2325939     -0.9178272
  4F       36.511074      0.0143953     -0.0050084
  4F       22.750806      0.2509049     -0.1045139
  4F       14.880176      0.6042434     -0.2218970
  5F        9.847647     -0.0418247      0.2488345
  4F        9.835102      0.2453018     -0.1319842
  4F        5.518981      0.0036293      0.5670575
  4F        3.405016      0.0000479      0.3503629
  4F        2.116027      0.0001910      0.0880302
 
