      NOBELIUM   [RN]7S(2)5F(14), 1S                                                  
      CHARGE =102.000000
      SYMMETRY SPECIES               S     P     D     F 
      NUMBER OF BASIS FUNCTIONS     15    12     9     8
      NUMBER OF CLOSED SHELLS        7     5     3     2
      NUMBER OF OPEN SHELLS          0     0     0     0
      OPEN SHELL OCCUPATION NUMBER   0     0     0     0
   E =-32789.511914766
   T = 32789.511728104     V =-65579.023642870     V/T =    -2.000000006
  ORBITAL ENERGIES AND EXPANSION COEFFICIENTS
        S                    1S             2S             3S             4S             5S             6S             7S 
  BASIS/ORB.ENERGY    -4601.8024651   -821.8791349   -216.8735263    -58.9939609    -13.5540254     -1.8862152      -.1704565
  1S      116.592615       .1364676       .0393215      -.0115945       .0068190      -.0059169       .0020751      -.0007375
  1S       98.971720       .8659139      -.4008501       .1853961      -.0992593       .0539525      -.0211187       .0054285
  2S       81.969966      -.0031134      -.2573282       .1466151      -.0778695       .0370768      -.0150525       .0033974
  2S       47.801013       .0033671      1.2011636      -.6494591       .3463486      -.1719749       .0689825      -.0162704
  3S       42.780237      -.0029063       .0814267      -.5448679       .3694243      -.2183128       .0869743      -.0225073
  3S       30.158811       .0029562      -.0009850       .9474120      -.3135844       .1910351      -.0711191       .0216897
  3S       23.466434      -.0025009       .0009497       .6084230     -1.4101384       .7352500      -.3008970       .0656491
  4S       14.471178      -.0010589       .0004551       .0104448       .2551998     -1.1296356       .5964934      -.1612179
  3S       14.467021       .0016598      -.0009204      -.0164162      1.4783337      -.7084604       .2770787      -.0569932
  3S        7.485979       .0003613      -.0000545      -.0033139       .0442524      1.1710426      -.4941868       .1376932
  3S        6.115088      -.0002233       .0000409       .0017452      -.0145965       .5735763      -.7237010       .1795510
  3S        2.946806       .0000390      -.0000081      -.0002508       .0009991       .0082731       .9613819      -.2353908
  3S        2.155517      -.0000218       .0000040       .0001437      -.0005337      -.0018701       .3549266      -.2304471
  3S         .876639       .0000054      -.0000010      -.0000346       .0001026       .0003172      -.0028951       .6599199
  3S         .629030      -.0000030       .0000005       .0000195      -.0000561      -.0001680       .0014503       .4475546
        P                    2P             3P             4P             5P             6P 
  BASIS/ORB.ENERGY     -797.1390123   -204.5063081    -53.0084495    -11.0140815     -1.1059392
  2P       96.397692      -.0047339      -.0016179       .0005942      -.0001556       .0001003
  2P       55.002426      -.7415176      -.3882385       .2076598      -.1043629       .0373332
  3P       49.802487      -.2578971      -.2450315       .1355469      -.0646260       .0241938
  3P       35.839240      -.0362544       .3229765      -.1595406       .0821625      -.0301668
  4P       32.064262       .0109512       .6211588      -.4645107       .2941388      -.1030213
  4P       18.129395       .0061198      -.2027213       .8342880      -.0702979       .0162568
  3P       18.025153      -.0076054       .4399591      -.9826939       .7998145      -.3404168
  3P       12.950104      -.0021857       .0382717      1.0841796     -1.9981090       .8579754
  3P        7.458310       .0003556      -.0049374       .0287858       .9280226      -.3513832
  3P        5.783785      -.0001667       .0019065      -.0059307       .7294651      -.6122229
  3P        2.597180       .0000193      -.0001964       .0004321       .0096390       .8727290
  3P        1.759335      -.0000081       .0000809      -.0001696      -.0022341       .3604510
        D                    3D             4D             5D 
  BASIS/ORB.ENERGY     -181.6825617    -41.8797434     -6.4759497
  3D       67.827414       .0018034      -.0006550       .0003875
  3D       38.426897       .4329225      -.2508932       .1181715
  4D       32.165816       .4907430      -.3284640       .1662275
  4D       22.509172       .1654909      -.0026462      -.0351180
  4D       16.602324      -.0347585       .6968628      -.2878379
  4D       13.180192       .0171925       .3946168      -.6363817
  4D        9.669792      -.0043185       .0456965       .5336724
  4D        6.431985       .0007127      -.0009084       .7881967
  4D        4.179803      -.0001478       .0003860       .1169122
        F                    4F             5F 
  BASIS/ORB.ENERGY      -26.3035481      -.9634481
  4F       37.081617       .0138844      -.0048541
  4F       23.121378       .2484870      -.1043918
  4F       15.134123       .6083247      -.2260613
  5F       10.033310      -.0399880       .2544537
  4F       10.032716       .2415370      -.1315052
  4F        5.628460       .0028220       .5692081
  4F        3.475147      -.0003651       .3455787
  4F        2.163825       .0000742       .0857519
