      NEPTUNIUM   [RN]7S(2)6D(1)5F(4), 6L                                             
      CHARGE = 93.000000
      SYMMETRY SPECIES               S     P     D     F 
      NUMBER OF BASIS FUNCTIONS     15    12    11     8
      NUMBER OF CLOSED SHELLS        7     5     3     1
      NUMBER OF OPEN SHELLS          0     0     1     1
      OPEN SHELL OCCUPATION NUMBER   0     0     1     4
   E =-26331.454763705
   T = 26331.454764105     V =-52662.909527810     V/T =    -2.000000000
 
  ORBITAL ENERGIES AND EXPANSION COEFFICIENTS
        S                    1S             2S             3S             4S             5S             6S             7S 
  BASIS/ORB.ENERGY    -3801.0470433   -667.1911327   -171.4319946    -45.0172506    -10.4290838     -1.7138667     -0.1665417
  1S      106.891398      0.1343917      0.0368104     -0.0105433      0.0056178     -0.0045077      0.0015484     -0.0005747
  1S       90.150737      0.8678982     -0.3970082      0.1821941     -0.0948431      0.0491461     -0.0201991      0.0057232
  2S       74.606109     -0.0029337     -0.2546249      0.1447526     -0.0760545      0.0356050     -0.0153526      0.0040282
  2S       43.599769      0.0034179      1.1868140     -0.6390351      0.3355096     -0.1622336      0.0688821     -0.0185318
  3S       38.823091     -0.0028359      0.0953727     -0.5239401      0.3390005     -0.1880471      0.0781109     -0.0222755
  3S       27.355986      0.0027276     -0.0024525      0.8498045     -0.2242182      0.1070633     -0.0354662      0.0122246
  3S       21.621181     -0.0019933      0.0016558      0.6643896     -1.3368266      0.7571182     -0.3386774      0.0895205
  4S       11.948682     -0.0008405      0.0007142     -0.0048067     -0.0823746     -0.6676425      0.3774725     -0.1154583
  3S       11.945786      0.0010931     -0.0011328      0.0134876      1.6835920     -1.0760378      0.4880384     -0.1300636
  3S        6.351323      0.0004426     -0.0002366     -0.0007013      0.0359330      1.2369751     -0.4223888      0.1204914
  3S        5.241219     -0.0002907      0.0001595      0.0003561     -0.0125797      0.4790863     -0.8931137      0.2757327
  3S        2.630257      0.0000555     -0.0000307     -0.0000635      0.0006273      0.0066803      1.1379661     -0.3556423
  3S        1.923696     -0.0000317      0.0000168      0.0000461     -0.0003354     -0.0010071      0.2577664     -0.2247304
  3S        0.878188      0.0000086     -0.0000045     -0.0000133      0.0000551      0.0001516     -0.0033857      0.6115717
  3S        0.631665     -0.0000044      0.0000023      0.0000069     -0.0000255     -0.0000661      0.0014761      0.5262049
        P                    2P             3P             4P             5P             6P 
  BASIS/ORB.ENERGY     -644.9826622   -160.5479185    -39.9176408     -8.3493011     -1.0517779
  2P       88.714203     -0.0048270     -0.0015541      0.0005013     -0.0001454      0.0001005
  2P       49.950385     -0.7422903     -0.3849882      0.2010913     -0.0969912      0.0374270
  3P       44.755714     -0.2670696     -0.2512748      0.1368927     -0.0643617      0.0258674
  3P       27.391391     -0.0356388      0.6418773     -0.3751215      0.1901189     -0.0742010
  4P       27.389735      0.0218842      0.3810820     -0.3935642      0.2457944     -0.0912397
  4P       15.204118      0.0108430     -0.2163944      0.8841048     -0.2175893      0.1119455
  3P       14.501265     -0.0126169      0.3756981     -0.5804887      0.5330546     -0.2553151
  3P       10.837432     -0.0033194      0.0286987      0.8061956     -1.5975648      0.6970016
  3P        6.297562      0.0007071     -0.0046485      0.0192812      0.8424604     -0.2006762
  3P        5.026719     -0.0003571      0.0019768     -0.0046104      0.7591643     -0.8345362
  3P        2.313627      0.0000371     -0.0001713      0.0002056      0.0104748      1.0321561
  3P        1.567881     -0.0000149      0.0000666     -0.0000843     -0.0024021      0.2596025
        D                    3D             4D             5D             6D 
  BASIS/ORB.ENERGY     -140.4735436    -30.4761898     -4.6592654     -0.3099089
  3D       60.460372      0.0025074     -0.0009314      0.0004951     -0.0000702
  3D       34.353800      0.4434644     -0.2486235      0.1107118     -0.0331798
  4D       28.467124      0.4999990     -0.3190699      0.1520348     -0.0435882
  4D       19.209070      0.1592036      0.0322588     -0.0578188      0.0076451
  4D       14.954731     -0.0479455      0.5559391     -0.2141228      0.0909319
  4D       11.585351      0.0173030      0.5151074     -0.5171513      0.1329712
  4D        7.657167     -0.0040757      0.0429752      0.4253201     -0.1006215
  4D        5.376603      0.0016040     -0.0065541      0.7519919     -0.3868394
  4D        3.587342     -0.0004827      0.0014416      0.1204323      0.1015471
  4D        2.054373      0.0001158     -0.0003336     -0.0005976      0.6756351
  4D        1.197641     -0.0000325      0.0000803      0.0001207      0.4010019
        F                    4F             5F 
  BASIS/ORB.ENERGY      -17.3544871     -0.7700333
  4F       32.467146      0.0173290     -0.0054495
  4F       20.059113      0.2570496     -0.0942117
  4F       13.102908      0.5549359     -0.1800340
  5F        8.251545     -0.2495822      0.2512498
  4F        7.711586      0.4970536     -0.1889442
  4F        4.587557      0.0010352      0.5524970
  4F        2.847582     -0.0000734      0.3919522
  4F        1.776473      0.0000457      0.0936136
 
