      PROTOACTINIUM   [RN]7S(2)6D(1)5F(2), 4J                                         
      CHARGE = 91.000000
      SYMMETRY SPECIES               S     P     D     F 
      NUMBER OF BASIS FUNCTIONS     15    12    11     8
      NUMBER OF CLOSED SHELLS        7     5     3     1
      NUMBER OF OPEN SHELLS          0     0     1     1
      OPEN SHELL OCCUPATION NUMBER   0     0     1     2
   E =-25007.109683472
   T = 25007.109737912     V =-50014.219421383     V/T =    -1.999999998
  ORBITAL ENERGIES AND EXPANSION COEFFICIENTS
        S                    1S             2S             3S             4S             5S             6S             7S 
  BASIS/ORB.ENERGY    -3633.4604907   -634.9240122   -161.9357772    -42.0112819     -9.6666731     -1.6337903      -.1637030
  1S      105.154520       .1256606       .0341863      -.0098148       .0049203      -.0039166       .0013294      -.0005253
  1S       88.309408       .8762828      -.3929341       .1805054      -.0930729       .0474400      -.0195784       .0057118
  2S       73.179755      -.0024453      -.2529999       .1429047      -.0750685       .0348917      -.0150876       .0040729
  2S       42.592913       .0033408      1.1836090      -.6347507       .3322846      -.1590664       .0677603      -.0187601
  3S       38.076008      -.0027538       .0944246      -.5110795       .3244885      -.1764763       .0734501      -.0215980
  3S       26.773490       .0026076      -.0001147       .7921960      -.1678046       .0697701      -.0196615       .0080482
  3S       21.322733      -.0018538       .0004194       .7040066     -1.3410496       .7603860      -.3410921       .0931346
  4S       11.450486      -.0007395       .0003408      -.0100891      -.1259436      -.5777359       .3305801      -.1048969
  3S       11.452736       .0009385      -.0006043       .0220511      1.6904088     -1.1024108       .5037307      -.1390012
  3S        6.017261       .0004092      -.0000678       .0010291       .0375163      1.3130828      -.4690024       .1375514
  3S        4.935803      -.0002786       .0000519      -.0007053      -.0146173       .3705680      -.8526638       .2741537
  3S        2.561338       .0000622      -.0000125       .0001281       .0012028       .0056215      1.1336456      -.3643954
  3S        1.895353      -.0000350       .0000064      -.0000581      -.0006289      -.0005017       .2850500      -.2421426
  3S         .856942       .0000089      -.0000016       .0000128       .0001158       .0000493      -.0027314       .6272943
  3S         .621841      -.0000046       .0000008      -.0000064      -.0000569      -.0000165       .0012535       .5138243
        P                    2P             3P             4P             5P             6P 
  BASIS/ORB.ENERGY     -613.2774695   -151.3769463    -37.1047233     -7.6930866     -1.0056275
  2P       86.263329      -.0051917      -.0016486       .0005302      -.0001552       .0001053
  2P       48.638467      -.7487456      -.3876137       .2012140      -.0956927       .0371577
  3P       43.514489      -.2615860      -.2510255       .1363246      -.0632814       .0255950
  3P       26.497383      -.0325777       .6832306      -.4066721       .2041402      -.0801994
  4P       26.436470       .0201456       .3603350      -.3894187       .2414667      -.0900730
  4P       14.678283       .0085048      -.1465943       .7641091      -.1407530       .0800143
  3P       14.575967      -.0101368       .2908115      -.4015112       .3687073      -.1809388
  3P       10.410317      -.0032442       .0303849       .7711521     -1.4760476       .6372965
  3P        5.938724       .0007086      -.0048395       .0180593       .8613806      -.1791618
  3P        4.794282      -.0003815       .0022274      -.0049677       .7035924      -.8508784
  3P        2.231963       .0000397      -.0001929       .0002054       .0105120      1.0531476
  3P        1.512972      -.0000157       .0000739      -.0000829      -.0024280       .2499894
        D                    3D             4D             5D             6D 
  BASIS/ORB.ENERGY     -131.9056191    -28.0317521     -4.2038931      -.2910774
  3D       58.112116       .0030067      -.0011295       .0005736      -.0000836
  3D       33.309553       .4513832      -.2510022       .1095359      -.0327833
  4D       27.538253       .5010479      -.3159392       .1473926      -.0419761
  4D       18.230484       .1583126       .0639931      -.0786231       .0115698
  4D       14.427148      -.0598390       .5186800      -.1771675       .0850987
  4D       11.238129       .0213613       .5189943      -.5061559       .1222370
  4D        7.505177      -.0049186       .0498426       .3506529      -.0697808
  4D        5.250125       .0018888      -.0071428       .7776464      -.3881995
  4D        3.548260      -.0005614       .0015206       .1516008       .0610383
  4D        1.994271       .0001250      -.0003411       .0000430       .6759252
  4D        1.159970      -.0000352       .0000775      -.0001011       .4204505
        F                    4F             5F 
  BASIS/ORB.ENERGY      -15.4513412      -.6117146
  4F       31.632165       .0174072      -.0050467
  4F       19.500417       .2513461      -.0859573
  4F       12.787924       .5307624      -.1560222
  5F        8.093836      -.2857608       .2457048
  4F        7.520518       .5656323      -.2181933
  4F        4.364677       .0005997       .5327375
  4F        2.642847       .0000249       .4243645
  4F        1.592222       .0000194       .1168648
