      PLUTONIUM   [RN]7S(2)5F(6), 7F                                                  
      CHARGE = 94.000000
      SYMMETRY SPECIES               S     P     D     F 
      NUMBER OF BASIS FUNCTIONS     15    12     9     8
      NUMBER OF CLOSED SHELLS        7     5     3     1
      NUMBER OF OPEN SHELLS          0     0     0     1
      OPEN SHELL OCCUPATION NUMBER   0     0     0     6
   E =-27008.719247227
   T = 27008.719238005     V =-54017.438485232     V/T =    -2.000000000
  ORBITAL ENERGIES AND EXPANSION COEFFICIENTS
        S                    1S             2S             3S             4S             5S             6S             7S 
  BASIS/ORB.ENERGY    -3886.0482295   -683.3941126   -176.0323160    -46.3070943    -10.5877387     -1.6361177      -.1599112
  1S      107.536668       .1436556       .0384552      -.0108789       .0059652      -.0048504       .0016712      -.0006464
  1S       91.001119       .8589779      -.3997613       .1831559      -.0957899       .0499698      -.0200630       .0054881
  2S       75.300845      -.0034071      -.2548158       .1454995      -.0764420       .0357783      -.0150051       .0036628
  2S       44.082884       .0035098      1.1893240      -.6418875       .3374439      -.1634792       .0676024      -.0171369
  3S       39.184732      -.0029156       .0943748      -.5300659       .3462940      -.1936684       .0787458      -.0216858
  3S       27.656392       .0028110      -.0030589       .8780865      -.2544247       .1280517      -.0444394       .0151179
  3S       21.755071      -.0020805       .0019434       .6462112     -1.3344042       .7497862      -.3251499       .0796825
  4S       12.225155      -.0008883       .0007847      -.0016041      -.0464556      -.7227331       .4000135      -.1185972
  3S       12.224417       .0011832      -.0012633       .0081125      1.6681655     -1.0435061       .4580358      -.1133358
  3S        6.549731       .0004202      -.0002363      -.0015257       .0339193      1.1736051      -.4401745       .1304115
  3S        5.344848      -.0002610       .0001503       .0007922      -.0102222       .5539151      -.8160559       .2240666
  3S        2.619722       .0000493      -.0000283      -.0001330       .0004367       .0067195      1.0496782      -.2878553
  3S        1.934627      -.0000281       .0000155       .0000835      -.0002406      -.0011027       .3014185      -.2343831
  3S         .814951       .0000072      -.0000039      -.0000215       .0000318       .0001579      -.0032962       .7013616
  3S         .595810      -.0000040       .0000022       .0000122      -.0000159      -.0000788       .0016022       .4186423
        P                    2P             3P             4P             5P             6P 
  BASIS/ORB.ENERGY     -660.9072378   -164.9858409    -41.1105969     -8.4614113      -.9756442
  2P       90.239526      -.0045190      -.0014786       .0004775      -.0001273       .0000794
  2P       50.777857      -.7333913      -.3805807       .1993453      -.0965141       .0360158
  3P       45.540763      -.2747242      -.2513376       .1368721      -.0643105       .0247544
  3P       27.998986      -.0394074       .5962364      -.3406972       .1726608      -.0651927
  4P       27.995154       .0240194       .4031346      -.3965095       .2481790      -.0908506
  4P       15.561206       .0129158      -.2722243       .9610987      -.2563021       .1102291
  3P       14.518508      -.0152814       .4555404      -.7647791       .6768772      -.3068832
  3P       11.137490      -.0031190       .0199546       .8869277     -1.6919159       .7386558
  3P        6.391201       .0006333      -.0034783       .0200532       .9001289      -.2889960
  3P        5.039168      -.0003160       .0014264      -.0044921       .7029094      -.6988913
  3P        2.307997       .0000366      -.0001393       .0002515       .0103642       .9491279
  3P        1.580052      -.0000152       .0000561      -.0000995      -.0024517       .3129415
        D                    3D             4D             5D 
  BASIS/ORB.ENERGY     -144.6107841    -31.4843300     -4.6912457
  3D       61.400727       .0024160      -.0009037       .0004816
  3D       34.750009       .4446110      -.2502599       .1118385
  4D       28.815000       .4995353      -.3215019       .1538140
  4D       19.517891       .1537642       .0447868      -.0627262
  4D       14.876307      -.0435339       .6093909      -.2385776
  4D       11.601501       .0177018       .4518300      -.5273033
  4D        8.051959      -.0040757       .0390323       .4394790
  4D        5.509317       .0010280      -.0026048       .7687511
  4D        3.624359      -.0001972       .0003716       .1277065
        F                    4F             5F 
  BASIS/ORB.ENERGY      -18.0933673      -.6543432
  4F       32.847883       .0174196      -.0054853
  4F       20.322362       .2605935      -.0953211
  4F       13.247147       .5671416      -.1850768
  5F        8.319856      -.2306420       .2536835
  4F        7.796263       .4611818      -.1667725
  4F        4.624658       .0013215       .5489358
  4F        2.844790      -.0001339       .3806911
  4F        1.765028       .0000602       .0989754
