      RADIUM   [RN]7S(2), 1S                                                          
      CHARGE = 88.000000
      SYMMETRY SPECIES               S     P     D     F 
      NUMBER OF BASIS FUNCTIONS     15    12     9     6
      NUMBER OF CLOSED SHELLS        7     5     3     1
      NUMBER OF OPEN SHELLS          0     0     0     0
      OPEN SHELL OCCUPATION NUMBER   0     0     0     0
   E =-23094.303492621
   T = 23094.303625461     V =-46188.607118082     V/T =    -1.999999994
  ORBITAL ENERGIES AND EXPANSION COEFFICIENTS
        S                    1S             2S             3S             4S             5S             6S             7S 
  BASIS/ORB.ENERGY    -3388.9410404   -587.7442073   -147.8717299    -37.3415712     -8.2531697     -1.3706758      -.1487604
  1S      102.772371       .1096751       .0318380      -.0096438       .0042678      -.0033412       .0010642      -.0004524
  1S       85.593215       .8915113      -.3886018       .1790025      -.0907842       .0449412      -.0179371       .0052870
  2S       70.820905      -.0014083      -.2535717       .1418275      -.0746319       .0338972      -.0142064       .0038403
  2S       41.242337       .0031514      1.1748681      -.6264931       .3267457      -.1525735       .0629507      -.0175042
  3S       36.905364      -.0025815       .1029751      -.5007628       .3066762      -.1615524       .0647567      -.0193205
  3S       25.990833       .0023840      -.0004920       .7018671      -.0888788       .0244735      -.0005621       .0027685
  3S       20.824259      -.0016251       .0007897       .7742060     -1.3498968       .7480979      -.3237033       .0889003
  4S       10.834095      -.0005837       .0004658      -.0157038      -.1378765      -.4802696       .2645110      -.0853782
  3S       10.835315       .0007414      -.0007541       .0313323      1.6577775     -1.0696024       .4730707      -.1314972
  3S        5.559242       .0003038      -.0001365       .0027072       .0368847      1.2903628      -.4934123       .1499719
  3S        4.498561      -.0002080       .0000991      -.0017672      -.0150884       .3183558      -.7063196       .2227461
  3S        2.306842       .0000525      -.0000258       .0003806       .0017703       .0044793      1.1129129      -.3486209
  3S        1.710801      -.0000306       .0000145      -.0002055      -.0009736      -.0003307       .2612706      -.2434046
  3S         .761325       .0000086      -.0000040       .0000540       .0002231       .0000198      -.0038689       .7068613
  3S         .569949      -.0000048       .0000022      -.0000298      -.0001209      -.0000031       .0018555       .4324472
        P                    2P             3P             4P             5P             6P 
  BASIS/ORB.ENERGY     -566.9427808   -137.7986607    -32.7220010     -6.4498760      -.8198116
  2P       83.018450      -.0055746      -.0017521       .0005561      -.0001638       .0001031
  2P       46.836527      -.7530880      -.3885261       .1996493      -.0920646       .0343839
  3P       41.801671      -.2583868      -.2509679       .1352715      -.0610444       .0237117
  3P       25.187270      -.0298978       .7354511      -.4453769       .2176547      -.0823287
  4P       25.102935       .0186963       .3267092      -.3782728       .2290386      -.0821659
  4P       13.925446       .0075895      -.1236610       .6849932      -.1118114       .0642914
  3P       13.918592      -.0093014       .2561285      -.2855077       .2624712      -.1278195
  3P        9.852338      -.0028118       .0253284       .7646152     -1.3244952       .5449588
  3P        5.415789       .0005555      -.0035764       .0170906       .9096788      -.2361147
  3P        4.328539      -.0003073       .0016664      -.0050457       .5881836      -.7002996
  3P        1.999556       .0000366      -.0001652       .0002686       .0095365      1.0306082
  3P        1.359217      -.0000151       .0000656      -.0001065      -.0023955       .2416654
        D                    3D             4D             5D 
  BASIS/ORB.ENERGY     -119.2287342    -24.1977967     -3.2968683
  3D       54.653258       .0038909      -.0015145       .0007160
  3D       31.812073       .4608977      -.2526540       .1050504
  4D       26.239889       .4986425      -.3092364       .1373652
  4D       17.292475       .1446404       .0969944      -.0887128
  4D       13.510169      -.0516686       .5329369      -.1803875
  4D       10.453460       .0189476       .4773240      -.4538996
  4D        7.146561      -.0041161       .0456041       .3245785
  4D        4.838823       .0011286      -.0034510       .7742441
  4D        3.220235      -.0002231       .0003466       .1715341
        F                    4F 
  BASIS/ORB.ENERGY      -12.4305020
  4F       30.150869       .0184731
  4F       18.531819       .2488904
  4F       12.237536       .4875180
  5F        8.036556      -.2696101
  4F        7.428155       .5984041
  4F        4.881720       .0045264
