      THORIUM   [RN]7S(2)6D(2), 3F                                                    
      CHARGE = 90.000000
      SYMMETRY SPECIES               S     P     D     F 
      NUMBER OF BASIS FUNCTIONS     15    12    11     6
      NUMBER OF CLOSED SHELLS        7     5     3     1
      NUMBER OF OPEN SHELLS          0     0     1     0
      OPEN SHELL OCCUPATION NUMBER   0     0     2     0
   E =-24359.622254112
   T = 24359.622040097     V =-48719.244294209     V/T =    -2.000000009
  ORBITAL ENERGIES AND EXPANSION COEFFICIENTS
        S                    1S             2S             3S             4S             5S             6S             7S 
  BASIS/ORB.ENERGY    -3551.2639266   -619.2744593   -157.4776298    -40.7261123     -9.4683078     -1.6903190      -.1699638
  1S      104.360470       .1200990       .0333656      -.0098424       .0047034      -.0036651       .0012334      -.0004931
  1S       87.407443       .8815923      -.3914290       .1801121      -.0923276       .0466871      -.0196466       .0060044
  2S       72.395723      -.0021026      -.2532484       .1424387      -.0749325       .0347804      -.0153911       .0044220
  2S       42.152982       .0032826      1.1801209      -.6313994       .3302920      -.1575690       .0686177      -.0201109
  3S       37.702725      -.0027010       .0980253      -.5075807       .3178437      -.1711134       .0724514      -.0223145
  3S       26.525386       .0025422      -.0004182       .7558642      -.1333352       .0477342      -.0096437       .0049014
  3S       21.190267      -.0017801       .0006590       .7324852     -1.3489750       .7660402      -.3519518       .1024187
  4S       11.203617      -.0006966       .0004392      -.0128007      -.1490560      -.5294024       .3081223      -.1023554
  3S       11.206623       .0008697      -.0007177       .0262677      1.6945428     -1.1153291       .5224699      -.1534364
  3S        5.799329       .0004235      -.0001371       .0020856       .0410371      1.4135093      -.4789534       .1380332
  3S        4.767688      -.0003101       .0001062      -.0014616      -.0184517       .2480229      -.9213468       .3304689
  3S        2.619963       .0000798      -.0000284       .0003166       .0021163       .0062890      1.1468723      -.4054897
  3S        1.957576      -.0000428       .0000145      -.0001503      -.0010401      -.0005232       .3443889      -.2701008
  3S         .895730       .0000095      -.0000032       .0000305       .0001760       .0000586      -.0014594       .6070797
  3S         .642855      -.0000047       .0000016      -.0000148      -.0000830      -.0000191       .0007830       .5455172
        P                    2P             3P             4P             5P             6P 
  BASIS/ORB.ENERGY     -597.9062952   -147.0800123    -35.9153333     -7.5429120     -1.0651446
  2P       85.220586      -.0053421      -.0016649       .0005270      -.0001661       .0001191
  2P       47.923019      -.7545122      -.3902926       .2019788      -.0955038       .0381249
  3P       42.810133      -.2569314      -.2512736       .1363338      -.0632900       .0264673
  3P       25.930725      -.0298021       .7224653      -.4364264       .2179909      -.0879567
  4P       25.894042       .0184939       .3352140      -.3831958       .2354721      -.0888839
  4P       14.310752       .0075874      -.1321109       .7435981      -.1474655       .0980544
  3P       14.333548      -.0089373       .2655522      -.3077817       .3066336      -.1582463
  3P       10.146515      -.0030917       .0303413       .7214663     -1.4038035       .5986024
  3P        5.791359       .0007417      -.0052866       .0181174       .8197282      -.0648631
  3P        4.757648      -.0004193       .0025897      -.0057524       .7336526     -1.0066944
  3P        2.238531       .0000391      -.0001975       .0001987       .0104700      1.1210335
  3P        1.497187      -.0000146       .0000719      -.0000825      -.0023044       .2164715
        D                    3D             4D             5D             6D 
  BASIS/ORB.ENERGY     -127.9072706    -27.0254272     -4.1384466      -.3168688
  3D       56.959163       .0031826      -.0012188       .0006064      -.0001103
  3D       32.929578       .4492931      -.2486148       .1078376      -.0331678
  4D       27.232169       .4986926      -.3126712       .1446990      -.0427688
  4D       18.308145       .1529973       .0409978      -.0577246       .0095852
  4D       14.322241      -.0440481       .5472579      -.2208294       .0893049
  4D       10.902954       .0144247       .5212498      -.4623053       .1262592
  4D        6.981844      -.0034667       .0395267       .4241750      -.1102053
  4D        4.936825       .0015782      -.0078739       .7434343      -.3812704
  4D        3.242964      -.0005068       .0017235       .0967889       .0924581
  4D        1.958372       .0001523      -.0004956      -.0023281       .6905171
  4D        1.173942      -.0000396       .0001181       .0006631       .3858830
        F                    4F 
  BASIS/ORB.ENERGY      -14.7135558
  4F       31.067912       .0180325
  4F       19.143075       .2523892
  4F       12.571937       .5188325
  5F        8.226585      -.1870913
  4F        7.787099       .4687865
  4F        6.101665       .0162251
