      URANIUM   [RN]7S(2)6D(1)5F(3), 5L                                               
      CHARGE = 92.000000
      SYMMETRY SPECIES               S     P     D     F 
      NUMBER OF BASIS FUNCTIONS     15    12    11     8
      NUMBER OF CLOSED SHELLS        7     5     3     1
      NUMBER OF OPEN SHELLS          0     0     1     1
      OPEN SHELL OCCUPATION NUMBER   0     0     1     3
   E =-25664.338075360
   T = 25664.338196191     V =-51328.676271551     V/T =    -1.999999995
 
  ORBITAL ENERGIES AND EXPANSION COEFFICIENTS
        S                    1S             2S             3S             4S             5S             6S             7S 
  BASIS/ORB.ENERGY    -3716.7814093   -650.9601909   -166.6549408    -43.5082580    -10.0497355     -1.6748761     -0.1651491
  1S      105.948569      0.1314908      0.0360605     -0.0104367      0.0054282     -0.0042967      0.0014728     -0.0005596
  1S       89.207514      0.8707000     -0.3958082      0.1817428     -0.0941977      0.0484274     -0.0199500      0.0057314
  2S       73.824657     -0.0027993     -0.2543688      0.1442157     -0.0757363      0.0353325     -0.0152640      0.0040598
  2S       43.135437      0.0034122      1.1844169     -0.6366599      0.3337270     -0.1605925      0.0683254     -0.0186350
  3S       38.435041     -0.0028187      0.0972836     -0.5195679      0.3331668     -0.1830407      0.0761320     -0.0220267
  3S       27.065952      0.0026946     -0.0023122      0.8245638     -0.1999833      0.0905686     -0.0284888      0.0104142
  3S       21.462052     -0.0019406      0.0016114      0.6819648     -1.3362989      0.7577003     -0.3396144      0.0911806
  4S       11.698336     -0.0008001      0.0007082     -0.0072509     -0.1067436     -0.6211925      0.3534489     -0.1100545
  3S       11.694677      0.0010272     -0.0011048      0.0174997      1.6897707     -1.0919565      0.4974137     -0.1348177
  3S        6.183263      0.0004334     -0.0002467      0.0000580      0.0368797      1.2764231     -0.4438245      0.1282830
  3S        5.092883     -0.0002902      0.0001694     -0.0000975     -0.0137299      0.4240410     -0.8753248      0.2754573
  3S        2.598643      0.0000596     -0.0000351      0.0000098      0.0009063      0.0062788      1.1316892     -0.3579043
  3S        1.915613     -0.0000337      0.0000192      0.0000061     -0.0004794     -0.0008014      0.2752913     -0.2339463
  3S        0.863923      0.0000087     -0.0000049     -0.0000029      0.0000846      0.0001061     -0.0028955      0.6309013
  3S        0.624455     -0.0000045      0.0000025      0.0000016     -0.0000410     -0.0000447      0.0013112      0.5074851
        P                    2P             3P             4P             5P             6P 
  BASIS/ORB.ENERGY     -629.0327310   -155.9336912    -38.5053576     -8.0228296     -1.0294800
  2P       87.226042     -0.0051249     -0.0016296      0.0005308     -0.0001544      0.0001039
  2P       49.213004     -0.7482162     -0.3878068      0.2019396     -0.0967574      0.0374712
  3P       44.065058     -0.2616987     -0.2507736      0.1366214     -0.0637979      0.0257179
  3P       26.877372     -0.0334721      0.6725172     -0.3976681      0.2011532     -0.0788096
  4P       26.873584      0.0207619      0.3640839     -0.3881445      0.2432007     -0.0906799
  4P       14.962805      0.0084427     -0.1444753      0.7651783     -0.1247374      0.0696329
  3P       14.943929     -0.0101210      0.2942467     -0.4382001      0.3990900     -0.1936617
  3P       10.636528     -0.0033276      0.0315213      0.7935277     -1.5366656      0.6684159
  3P        6.102765      0.0007073     -0.0049035      0.0191574      0.8571387     -0.1924570
  3P        4.908426     -0.0003724      0.0021978     -0.0050914      0.7235066     -0.8406671
  3P        2.276364      0.0000387     -0.0001905      0.0002247      0.0105908      1.0397185
  3P        1.544958     -0.0000154      0.0000735     -0.0000905     -0.0024430      0.2585087
        D                    3D             4D             5D             6D 
  BASIS/ORB.ENERGY     -136.1612075    -29.2484419     -4.4325509     -0.3003548
  3D       59.265068      0.0027152     -0.0010121      0.0005306     -0.0000765
  3D       33.881203      0.4452939     -0.2486259      0.1096356     -0.0328603
  4D       28.053792      0.5000852     -0.3169844      0.1495831     -0.0427889
  4D       18.841775      0.1598839      0.0339453     -0.0599203      0.0076067
  4D       14.814453     -0.0505788      0.5362811     -0.2012601      0.0873852
  4D       11.425834      0.0172429      0.5327484     -0.5089289      0.1303788
  4D        7.475720     -0.0040324      0.0445032      0.4056180     -0.0935432
  4D        5.271222      0.0016720     -0.0073936      0.7518230     -0.3848184
  4D        3.534011     -0.0005060      0.0016063      0.1266983      0.0913131
  4D        2.016503      0.0001200     -0.0003694     -0.0005318      0.6762321
  4D        1.175780     -0.0000336      0.0000865      0.0000319      0.4057067
        F                    4F             5F 
  BASIS/ORB.ENERGY      -16.3975013     -0.7015121
  4F       32.058387      0.0173262     -0.0052546
  4F       19.789922      0.2535423     -0.0902488
  4F       12.960840      0.5411790     -0.1678375
  5F        8.199212     -0.2693791      0.2490057
  4F        7.637119      0.5353342     -0.2087695
  4F        4.494502      0.0007264      0.5444776
  4F        2.762193      0.0000012      0.4097294
  4F        1.697246      0.0000267      0.1029628
 
